1,2
1,5
1,8
1,10
1,11
1,12
1,13
1,14
1,19
1,21
1,23
1,24
1,27
1,28
1,29
1,34
1,37
1,38
1,41
1,42
1,44
1,49
1,52
1,58
1,65
1,66
1,67
1,69
1,73
1,75
1,76
1,77
1,79
1,80
1,81
1,83
1,86
1,87
1,90
1,94
1,95
1,96
1,97
1,100
1,102
1,105
1,111
1,112
1,114
1,115
1,120
1,125
1,127
1,128
1,129
1,132
1,133
1,134
1,139
1,145
1,150
1,151
1,152
1,154
1,156
1,157
1,161
1,166
2,1
2,3
2,4
2,6
2,7
2,8
2,9
2,15
2,17
2,19
2,20
2,23
2,27
2,31
2,32
2,33
2,40
2,41
2,43
2,44
2,55
2,60
2,70
2,72
2,75
2,76
2,79
2,80
2,81
2,82
2,89
2,90
2,91
2,93
2,94
2,95
2,96
2,97
2,98
2,101
2,103
2,104
2,106
2,110
2,111
2,115
2,117
2,122
2,123
2,125
2,128
2,135
2,139
2,142
2,143
2,146
2,153
2,155
2,158
2,159
2,161
2,162
2,167
3,2
3,5
3,7
3,12
3,15
3,20
3,21
3,23
3,24
3,25
3,27
3,28
3,32
3,34
3,35
3,37
3,40
3,41
3,42
3,45
3,49
3,50
3,56
3,59
3,60
3,61
3,63
3,64
3,65
3,66
3,69
3,70
3,71
3,76
3,78
3,79
3,80
3,83
3,84
3,85
3,89
3,90
3,93
3,98
3,101
3,105
3,111
3,115
3,119
3,120
3,131
3,132
3,134
3,143
3,148
3,149
3,150
3,151
3,154
3,158
3,164
3,165
3,167
4,2
4,6
4,9
4,15
4,23
4,24
4,26
4,28
4,36
4,39
4,40
4,43
4,47
4,60
4,63
4,64
4,66
4,69
4,76
4,77
4,85
4,86
4,87
4,91
4,98
4,101
4,102
4,103
4,105
4,106
4,108
4,109
4,110
4,112
4,113
4,114
4,115
4,121
4,122
4,125
4,126
4,134
4,135
4,136
4,139
4,141
4,145
4,146
4,147
4,149
4,154
4,164
4,177
5,1
5,3
5,6
5,8
5,11
5,13
5,17
5,20
5,21
5,22
5,25
5,27
5,28
5,30
5,31
5,32
5,33
5,34
5,41
5,44
5,45
5,47
5,49
5,53
5,54
5,57
5,62
5,63
5,65
5,67
5,68
5,69
5,74
5,76
5,85
5,88
5,89
5,91
5,94
5,96
5,97
5,108
5,112
5,113
5,115
5,123
5,125
5,128
5,129
5,131
5,134
5,135
5,138
5,141
5,143
5,147
5,148
5,150
5,152
5,160
5,162
5,168
6,2
6,4
6,5
6,8
6,11
6,12
6,13
6,15
6,18
6,19
6,20
6,21
6,26
6,32
6,40
6,41
6,42
6,47
6,49
6,50
6,51
6,55
6,62
6,65
6,69
6,70
6,74
6,75
6,79
6,80
6,82
6,85
6,89
6,96
6,100
6,102
6,106
6,107
6,109
6,111
6,112
6,115
6,117
6,118
6,123
6,128
6,130
6,132
6,137
6,139
6,143
6,144
6,147
6,149
6,157
6,158
6,159
6,164
7,2
7,3
7,14
7,15
7,16
7,17
7,31
7,33
7,35
7,36
7,38
7,40
7,42
7,43
7,45
7,49
7,55
7,61
7,63
7,68
7,75
7,78
7,82
7,83
7,85
7,90
7,92
7,95
7,101
7,103
7,108
7,113
7,114
7,116
7,117
7,123
7,124
7,125
7,126
7,128
7,130
7,132
7,134
7,135
7,140
7,142
7,143
7,146
7,151
7,157
7,158
7,161
7,162
7,164
7,165
7,166
7,167
8,1
8,2
8,5
8,6
8,15
8,20
8,22
8,24
8,31
8,32
8,36
8,39
8,43
8,45
8,47
8,50
8,51
8,56
8,57
8,59
8,60
8,64
8,65
8,67
8,70
8,71
8,72
8,75
8,80
8,85
8,87
8,92
8,95
8,102
8,103
8,108
8,115
8,116
8,124
8,125
8,126
8,131
8,132
8,133
8,134
8,138
8,139
8,140
8,142
8,144
8,158
8,166
9,2
9,4
9,13
9,16
9,17
9,22
9,27
9,28
9,29
9,31
9,41
9,46
9,48
9,49
9,56
9,57
9,58
9,59
9,61
9,62
9,63
9,67
9,68
9,71
9,72
9,74
9,80
9,83
9,91
9,93
9,105
9,107
9,111
9,116
9,117
9,118
9,123
9,124
9,127
9,131
9,134
9,139
9,143
9,147
9,148
9,149
9,155
9,159
9,161
9,165
9,167
10,1
10,12
10,15
10,19
10,22
10,23
10,25
10,29
10,30
10,32
10,34
10,41
10,43
10,47
10,53
10,54
10,55
10,56
10,59
10,61
10,62
10,63
10,64
10,66
10,68
10,70
10,71
10,83
10,92
10,93
10,96
10,105
10,106
10,109
10,111
10,112
10,113
10,115
10,116
10,117
10,119
10,120
10,123
10,124
10,125
10,129
10,130
10,133
10,138
10,139
10,142
10,143
10,151
10,153
10,157
10,159
10,162
10,163
10,164
10,166
11,1
11,5
11,6
11,15
11,16
11,17
11,18
11,19
11,21
11,24
11,28
11,29
11,32
11,33
11,35
11,38
11,42
11,44
11,46
11,47
11,50
11,52
11,53
11,58
11,60
11,62
11,63
11,65
11,66
11,68
11,69
11,73
11,75
11,76
11,77
11,78
11,81
11,87
11,89
11,93
11,96
11,106
11,112
11,116
11,117
11,118
11,122
11,123
11,131
11,134
11,135
11,137
11,140
11,141
11,143
11,146
11,147
11,150
11,152
11,153
11,156
11,157
11,160
11,162
11,165
12,1
12,3
12,6
12,10
12,13
12,14
12,22
12,25
12,26
12,28
12,30
12,34
12,36
12,37
12,39
12,40
12,41
12,42
12,43
12,53
12,54
12,55
12,56
12,57
12,58
12,60
12,69
12,70
12,74
12,76
12,84
12,92
12,93
12,95
12,98
12,100
12,101
12,102
12,104
12,105
12,107
12,109
12,112
12,115
12,118
12,121
12,123
12,126
12,127
12,131
12,136
12,138
12,140
12,144
12,145
12,152
12,156
12,157
12,161
12,162
12,163
12,166
12,167
12,168
13,1
13,5
13,6
13,9
13,12
13,15
13,20
13,29
13,33
13,35
13,39
13,44
13,46
13,47
13,49
13,53
13,57
13,64
13,69
13,77
13,80
13,82
13,85
13,89
13,92
13,93
13,95
13,98
13,103
13,105
13,110
13,113
13,115
13,116
13,118
13,121
13,127
13,131
13,134
13,136
13,138
13,140
13,142
13,143
13,144
13,145
13,154
13,156
13,157
13,159
13,165
13,191
13,192
14,1
14,7
14,12
14,15
14,19
14,20
14,24
14,27
14,33
14,35
14,39
14,40
14,45
14,46
14,47
14,48
14,53
14,55
14,57
14,58
14,59
14,61
14,63
14,64
14,66
14,68
14,69
14,72
14,73
14,74
14,78
14,81
14,83
14,84
14,86
14,87
14,89
14,92
14,94
14,98
14,99
14,105
14,112
14,117
14,121
14,123
14,124
14,125
14,126
14,130
14,131
14,132
14,139
14,141
14,142
14,143
14,144
14,146
14,150
14,153
14,160
14,162
14,168
15,2
15,3
15,4
15,6
15,7
15,8
15,10
15,11
15,13
15,14
15,20
15,25
15,26
15,27
15,28
15,29
15,30
15,34
15,41
15,46
15,48
15,50
15,51
15,52
15,55
15,58
15,60
15,62
15,66
15,71
15,76
15,78
15,79
15,80
15,82
15,89
15,95
15,99
15,100
15,101
15,107
15,109
15,114
15,117
15,119
15,122
15,125
15,127
15,129
15,130
15,133
15,140
15,146
15,147
15,150
15,152
15,154
15,156
15,165
15,167
16,7
16,9
16,11
16,17
16,18
16,19
16,20
16,25
16,26
16,30
16,33
16,38
16,40
16,44
16,47
16,49
16,50
16,54
16,56
16,57
16,58
16,59
16,60
16,63
16,66
16,71
16,72
16,80
16,82
16,84
16,88
16,91
16,93
16,94
16,98
16,101
16,107
16,108
16,111
16,114
16,120
16,122
16,125
16,126
16,127
16,130
16,132
16,134
16,135
16,139
16,140
16,145
16,149
16,151
16,159
16,160
16,161
16,162
16,167
16,168
17,2
17,5
17,7
17,9
17,11
17,16
17,18
17,22
17,24
17,30
17,38
17,39
17,40
17,41
17,42
17,44
17,45
17,48
17,52
17,54
17,57
17,59
17,62
17,65
17,66
17,67
17,75
17,78
17,82
17,89
17,95
17,98
17,101
17,105
17,112
17,113
17,115
17,116
17,117
17,120
17,121
17,126
17,134
17,135
17,139
17,141
17,142
17,144
17,146
17,147
17,150
17,155
17,156
17,159
17,161
17,163
17,167
18,6
18,11
18,16
18,17
18,21
18,24
18,25
18,26
18,28
18,29
18,31
18,33
18,35
18,38
18,48
18,49
18,50
18,57
18,60
18,65
18,70
18,73
18,75
18,78
18,79
18,81
18,82
18,89
18,90
18,91
18,94
18,96
18,100
18,102
18,103
18,105
18,109
18,110
18,112
18,118
18,119
18,121
18,123
18,124
18,130
18,132
18,134
18,136
18,138
18,140
18,142
18,143
18,146
18,155
18,165
18,167
18,168
19,1
19,2
19,6
19,10
19,11
19,14
19,16
19,21
19,23
19,30
19,35
19,37
19,38
19,47
19,50
19,51
19,56
19,57
19,59
19,61
19,66
19,68
19,69
19,70
19,71
19,87
19,94
19,98
19,100
19,115
19,116
19,118
19,124
19,125
19,127
19,135
19,139
19,140
19,148
19,154
19,158
19,161
19,162
19,163
20,2
20,3
20,5
20,6
20,8
20,13
20,14
20,15
20,16
20,22
20,23
20,27
20,33
20,35
20,36
20,39
20,44
20,45
20,46
20,48
20,49
20,55
20,60
20,63
20,64
20,68
20,73
20,74
20,86
20,87
20,89
20,90
20,91
20,93
20,95
20,96
20,97
20,100
20,104
20,105
20,106
20,107
20,109
20,110
20,117
20,119
20,121
20,125
20,126
20,127
20,129
20,134
20,138
20,140
20,142
20,145
20,149
20,157
20,159
20,164
21,1
21,3
21,5
21,6
21,11
21,18
21,19
21,23
21,26
21,32
21,33
21,39
21,41
21,43
21,44
21,45
21,46
21,48
21,50
21,51
21,52
21,57
21,62
21,71
21,75
21,77
21,78
21,80
21,84
21,86
21,87
21,88
21,92
21,93
21,98
21,99
21,101
21,106
21,107
21,113
21,120
21,124
21,127
21,129
21,130
21,132
21,133
21,136
21,142
21,143
21,144
21,145
21,147
21,148
21,149
21,151
21,152
21,153
21,154
21,155
21,158
21,159
21,160
21,162
21,164
21,166
22,5
22,8
22,9
22,10
22,12
22,17
22,20
22,23
22,26
22,28
22,30
22,31
22,32
22,33
22,37
22,38
22,42
22,46
22,47
22,48
22,51
22,53
22,55
22,57
22,58
22,59
22,60
22,61
22,66
22,67
22,68
22,75
22,78
22,79
22,83
22,84
22,85
22,87
22,92
22,93
22,112
22,115
22,118
22,120
22,121
22,123
22,126
22,131
22,134
22,139
22,148
22,149
22,151
22,154
22,156
22,157
22,158
22,160
22,161
22,163
22,164
22,168
23,1
23,2
23,3
23,4
23,10
23,19
23,20
23,21
23,22
23,25
23,27
23,29
23,30
23,31
23,34
23,36
23,37
23,39
23,40
23,43
23,44
23,45
23,46
23,47
23,50
23,56
23,60
23,62
23,66
23,76
23,79
23,82
23,83
23,87
23,88
23,90
23,91
23,94
23,102
23,104
23,105
23,108
23,111
23,115
23,119
23,121
23,125
23,126
23,127
23,129
23,130
23,132
23,137
23,142
23,148
23,149
23,156
23,157
23,160
23,164
23,166
23,187
24,1
24,3
24,4
24,8
24,11
24,14
24,17
24,18
24,25
24,27
24,30
24,34
24,35
24,39
24,40
24,42
24,46
24,49
24,55
24,60
24,61
24,64
24,66
24,67
24,69
24,72
24,73
24,75
24,76
24,83
24,89
24,90
24,99
24,101
24,104
24,106
24,108
24,111
24,113
24,117
24,120
24,121
24,123
24,124
24,128
24,129
24,130
24,135
24,137
24,141
24,143
24,150
24,151
24,155
24,159
24,160
24,162
24,163
24,165
24,166
25,3
25,5
25,10
25,12
25,15
25,16
25,18
25,23
25,24
25,31
25,36
25,37
25,39
25,42
25,43
25,44
25,47
25,51
25,52
25,53
25,56
25,60
25,61
25,65
25,66
25,67
25,75
25,76
25,77
25,78
25,82
25,83
25,84
25,90
25,91
25,94
25,96
25,97
25,98
25,103
25,105
25,108
25,109
25,111
25,112
25,114
25,115
25,119
25,120
25,124
25,125
25,126
25,127
25,128
25,129
25,130
25,133
25,134
25,141
25,143
25,144
25,149
25,152
25,153
25,155
25,158
25,159
25,162
25,164
25,168
26,4
26,6
26,12
26,15
26,16
26,18
26,21
26,22
26,27
26,28
26,29
26,34
26,36
26,37
26,38
26,41
26,45
26,52
26,54
26,59
26,61
26,66
26,68
26,69
26,73
26,74
26,75
26,78
26,80
26,81
26,84
26,85
26,89
26,92
26,93
26,98
26,99
26,102
26,105
26,111
26,116
26,119
26,125
26,127
26,132
26,134
26,135
26,137
26,141
26,143
26,147
26,149
26,151
26,155
26,161
26,163
26,167
26,168
27,1
27,2
27,3
27,5
27,9
27,14
27,15
27,20
27,23
27,24
27,26
27,29
27,38
27,41
27,42
27,46
27,47
27,49
27,52
27,56
27,58
27,63
27,64
27,65
27,66
27,71
27,73
27,77
27,79
27,83
27,93
27,94
27,96
27,99
27,108
27,109
27,113
27,121
27,124
27,126
27,138
27,141
27,149
27,155
27,160
27,162
27,163
27,164
27,166
28,1
28,3
28,4
28,5
28,9
28,11
28,12
28,15
28,18
28,22
28,26
28,34
28,37
28,40
28,42
28,46
28,48
28,49
28,61
28,64
28,67
28,68
28,69
28,70
28,75
28,76
28,79
28,83
28,87
28,88
28,90
28,93
28,95
28,96
28,99
28,102
28,105
28,106
28,112
28,118
28,119
28,123
28,131
28,138
28,141
28,144
28,146
28,152
28,156
28,157
28,158
28,162
28,166
28,168
28,186
29,1
29,9
29,10
29,11
29,13
29,15
29,18
29,23
29,26
29,27
29,32
29,34
29,36
29,38
29,39
29,47
29,48
29,60
29,70
29,73
29,78
29,82
29,87
29,89
29,91
29,92
29,97
29,98
29,100
29,107
29,109
29,110
29,111
29,119
29,122
29,123
29,124
29,128
29,129
29,130
29,132
29,133
29,137
29,138
29,144
29,146
29,149
29,150
29,157
29,159
29,160
29,162
29,166
29,167
30,5
30,10
30,12
30,15
30,16
30,17
30,19
30,22
30,23
30,24
30,32
30,39
30,40
30,41
30,44
30,46
30,48
30,49
30,50
30,57
30,59
30,61
30,67
30,70
30,71
30,78
30,83
30,84
30,87
30,90
30,91
30,93
30,95
30,101
30,103
30,111
30,114
30,120
30,121
30,122
30,125
30,128
30,130
30,134
30,135
30,138
30,140
30,143
30,148
30,152
30,153
30,155
30,159
30,162
30,166
31,2
31,5
31,7
31,8
31,9
31,18
31,22
31,23
31,25
31,33
31,36
31,39
31,47
31,49
31,54
31,57
31,58
31,65
31,68
31,69
31,75
31,78
31,79
31,80
31,83
31,85
31,86
31,87
31,91
31,93
31,94
31,103
31,106
31,107
31,109
31,113
31,114
31,115
31,122
31,125
31,131
31,132
31,135
31,137
31,138
31,139
31,141
31,147
31,151
31,152
31,157
31,162
31,163
31,164
31,166
32,2
32,3
32,5
32,6
32,8
32,10
32,11
32,21
32,22
32,29
32,30
32,35
32,38
32,39
32,42
32,44
32,47
32,52
32,53
32,54
32,58
32,59
32,60
32,63
32,70
32,71
32,72
32,74
32,75
32,77
32,78
32,79
32,82
32,83
32,84
32,85
32,86
32,88
32,89
32,90
32,92
32,93
32,94
32,98
32,101
32,103
32,106
32,107
32,110
32,115
32,121
32,122
32,124
32,125
32,126
32,127
32,129
32,130
32,131
32,132
32,136
32,137
32,138
32,141
32,144
32,149
32,152
32,156
32,160
32,184
33,2
33,5
33,7
33,11
33,13
33,14
33,16
33,18
33,20
33,21
33,22
33,31
33,40
33,42
33,45
33,47
33,51
33,53
33,54
33,55
33,57
33,58
33,59
33,60
33,61
33,63
33,65
33,66
33,71
33,75
33,76
33,80
33,83
33,89
33,95
33,105
33,107
33,108
33,111
33,113
33,114
33,116
33,118
33,119
33,124
33,127
33,128
33,131
33,132
33,134
33,139
33,140
33,146
33,153
33,154
33,155
33,156
33,157
33,161
33,162
33,164
33,167
34,1
34,3
34,5
34,10
34,12
34,15
34,23
34,24
34,26
34,28
34,29
34,35
34,37
34,43
34,44
34,45
34,50
34,51
34,52
34,53
34,55
34,58
34,61
34,64
34,69
34,74
34,75
34,85
34,86
34,95
34,96
34,105
34,107
34,111
34,118
34,122
34,123
34,124
34,125
34,131
34,133
34,137
34,141
34,145
34,147
34,154
34,155
34,157
34,159
34,161
34,163
34,165
35,3
35,7
35,11
35,13
35,14
35,18
35,19
35,20
35,24
35,32
35,34
35,36
35,39
35,40
35,44
35,47
35,49
35,52
35,55
35,58
35,60
35,62
35,63
35,64
35,68
35,71
35,74
35,75
35,77
35,78
35,82
35,83
35,85
35,87
35,88
35,94
35,97
35,99
35,100
35,109
35,111
35,116
35,117
35,122
35,123
35,124
35,129
35,139
35,142
35,147
35,150
35,151
35,152
35,162
35,168
35,193
36,4
36,7
36,8
36,12
36,20
36,23
36,25
36,26
36,29
36,31
36,35
36,42
36,47
36,48
36,49
36,50
36,51
36,55
36,57
36,58
36,59
36,61
36,63
36,67
36,72
36,80
36,82
36,85
36,86
36,91
36,92
36,96
36,102
36,110
36,112
36,117
36,119
36,123
36,130
36,145
36,146
36,151
36,154
36,158
36,161
36,164
36,165
36,168
37,1
37,3
37,12
37,19
37,22
37,23
37,25
37,26
37,28
37,34
37,40
37,41
37,48
37,52
37,53
37,55
37,56
37,63
37,64
37,66
37,68
37,74
37,77
37,87
37,91
37,96
37,97
37,100
37,101
37,103
37,105
37,107
37,112
37,115
37,117
37,118
37,120
37,122
37,126
37,130
37,137
37,138
37,139
37,141
37,143
37,144
37,146
37,148
37,155
37,156
37,158
37,161
37,162
37,164
37,168
38,1
38,7
38,11
38,16
38,17
38,18
38,19
38,22
38,26
38,27
38,29
38,32
38,44
38,45
38,50
38,56
38,59
38,61
38,62
38,64
38,68
38,73
38,80
38,83
38,84
38,86
38,88
38,93
38,99
38,100
38,102
38,105
38,110
38,119
38,120
38,121
38,125
38,132
38,133
38,137
38,138
38,140
38,141
38,144
38,145
38,149
38,150
38,153
38,154
38,157
38,158
38,161
38,164
38,166
38,196
39,4
39,8
39,12
39,13
39,14
39,17
39,20
39,21
39,23
39,24
39,25
39,29
39,30
39,31
39,32
39,35
39,40
39,42
39,51
39,52
39,57
39,58
39,62
39,65
39,66
39,68
39,73
39,78
39,79
39,85
39,86
39,89
39,95
39,98
39,100
39,103
39,104
39,106
39,107
39,110
39,113
39,115
39,117
39,120
39,125
39,128
39,129
39,132
39,133
39,134
39,136
39,141
39,149
39,151
39,152
39,154
39,155
39,156
39,159
40,2
40,3
40,4
40,6
40,7
40,12
40,14
40,16
40,17
40,23
40,24
40,28
40,30
40,33
40,35
40,37
40,39
40,41
40,46
40,49
40,50
40,52
40,56
40,57
40,58
40,61
40,62
40,64
40,66
40,67
40,68
40,73
40,75
40,79
40,84
40,85
40,87
40,88
40,91
40,94
40,97
40,100
40,105
40,106
40,114
40,115
40,122
40,138
40,139
40,142
40,143
40,145
40,146
40,147
40,148
40,155
40,156
40,158
40,161
40,163
40,164
41,1
41,2
41,3
41,5
41,6
41,9
41,10
41,12
41,15
41,17
41,21
41,26
41,27
41,30
41,37
41,40
41,45
41,49
41,51
41,56
41,57
41,61
41,63
41,65
41,72
41,73
41,74
41,75
41,76
41,77
41,79
41,83
41,84
41,87
41,88
41,90
41,91
41,92
41,93
41,94
41,100
41,103
41,106
41,107
41,109
41,111
41,119
41,122
41,127
41,129
41,131
41,132
41,133
41,137
41,142
41,143
41,146
41,147
41,148
41,149
41,160
41,161
41,164
41,166
41,167
42,1
42,3
42,6
42,7
42,11
42,12
42,17
42,22
42,24
42,25
42,27
42,28
42,32
42,33
42,36
42,39
42,43
42,48
42,50
42,51
42,53
42,54
42,57
42,76
42,77
42,79
42,84
42,87
42,92
42,93
42,94
42,97
42,98
42,101
42,102
42,107
42,113
42,116
42,118
42,120
42,122
42,123
42,124
42,125
42,126
42,127
42,128
42,132
42,134
42,136
42,138
42,142
42,145
42,147
42,152
42,156
42,157
42,160
43,2
43,4
43,7
43,8
43,10
43,12
43,21
43,23
43,25
43,34
43,42
43,44
43,48
43,51
43,54
43,58
43,60
43,75
43,81
43,83
43,84
43,85
43,89
43,92
43,95
43,96
43,97
43,98
43,100
43,101
43,105
43,106
43,107
43,110
43,118
43,122
43,126
43,131
43,132
43,134
43,137
43,138
43,139
43,143
43,144
43,146
43,149
43,153
43,158
43,162
43,165
43,166
44,1
44,2
44,5
44,11
44,13
44,16
44,17
44,20
44,21
44,23
44,25
44,30
44,32
44,34
44,35
44,38
44,43
44,45
44,46
44,49
44,51
44,66
44,67
44,71
44,75
44,77
44,78
44,79
44,85
44,86
44,87
44,89
44,94
44,96
44,102
44,103
44,108
44,115
44,117
44,118
44,122
44,123
44,127
44,129
44,131
44,136
44,142
44,143
44,145
44,150
44,151
44,156
44,159
44,161
44,164
44,166
45,3
45,5
45,7
45,8
45,14
45,17
45,20
45,21
45,23
45,26
45,33
45,34
45,38
45,41
45,44
45,50
45,51
45,55
45,59
45,60
45,65
45,70
45,72
45,73
45,78
45,79
45,81
45,83
45,86
45,87
45,98
45,102
45,112
45,116
45,121
45,127
45,134
45,135
45,142
45,143
45,145
45,148
45,153
45,157
45,158
45,160
45,163
46,9
46,11
46,13
46,14
46,15
46,20
46,21
46,22
46,23
46,24
46,27
46,28
46,30
46,40
46,44
46,50
46,51
46,52
46,55
46,56
46,57
46,61
46,64
46,65
46,67
46,71
46,74
46,75
46,82
46,87
46,89
46,90
46,91
46,92
46,93
46,94
46,96
46,98
46,100
46,105
46,106
46,107
46,108
46,109
46,113
46,117
46,120
46,121
46,122
46,123
46,124
46,126
46,127
46,134
46,135
46,136
46,137
46,139
46,140
46,148
46,149
46,152
46,153
46,154
46,157
46,164
46,166
46,167
47,4
47,5
47,6
47,8
47,10
47,11
47,13
47,14
47,16
47,19
47,22
47,23
47,25
47,27
47,29
47,31
47,32
47,33
47,35
47,36
47,53
47,57
47,58
47,60
47,61
47,62
47,63
47,67
47,68
47,69
47,71
47,73
47,75
47,78
47,80
47,82
47,83
47,84
47,89
47,93
47,95
47,96
47,99
47,104
47,109
47,115
47,117
47,120
47,121
47,122
47,126
47,127
47,128
47,134
47,141
47,142
47,143
47,144
47,150
47,152
47,156
47,160
47,162
47,163
47,164
47,168
48,9
48,14
48,15
48,17
48,18
48,20
48,21
48,22
48,28
48,29
48,30
48,36
48,37
48,42
48,43
48,49
48,50
48,52
48,53
48,54
48,57
48,61
48,64
48,65
48,66
48,71
48,72
48,75
48,76
48,78
48,79
48,80
48,81
48,83
48,88
48,89
48,91
48,92
48,98
48,100
48,106
48,108
48,112
48,113
48,129
48,130
48,132
48,135
48,138
48,139
48,140
48,142
48,144
48,145
48,146
48,147
48,149
48,151
48,153
48,156
48,159
48,160
48,162
48,163
48,165
48,167
49,1
49,3
49,5
49,6
49,7
49,9
49,13
49,16
49,18
49,20
49,24
49,27
49,28
49,30
49,31
49,35
49,36
49,40
49,41
49,44
49,48
49,50
49,52
49,53
49,55
49,62
49,68
49,69
49,73
49,79
49,81
49,83
49,84
49,86
49,91
49,92
49,94
49,98
49,102
49,104
49,106
49,107
49,108
49,110
49,117
49,119
49,120
49,123
49,125
49,126
49,131
49,132
49,135
49,148
49,151
49,152
49,158
49,161
49,163
49,165
49,168
50,3
50,6
50,8
50,11
50,15
50,16
50,18
50,19
50,21
50,23
50,30
50,34
50,36
50,38
50,40
50,42
50,45
50,46
50,48
50,49
50,54
50,60
50,62
50,64
50,67
50,73
50,82
50,83
50,87
50,89
50,90
50,94
50,103
50,105
50,106
50,109
50,110
50,111
50,112
50,119
50,125
50,126
50,128
50,130
50,132
50,139
50,141
50,143
50,144
50,145
50,149
50,150
50,151
50,152
50,153
50,154
50,157
50,159
51,6
51,8
51,15
51,19
51,21
51,22
51,25
51,33
51,34
51,36
51,39
51,41
51,42
51,43
51,44
51,45
51,46
51,55
51,59
51,61
51,63
51,67
51,77
51,79
51,83
51,88
51,89
51,90
51,91
51,94
51,99
51,106
51,107
51,108
51,111
51,115
51,116
51,117
51,122
51,123
51,125
51,128
51,129
51,133
51,139
51,141
51,142
51,147
51,149
51,152
51,155
51,160
51,161
51,162
51,163
51,164
51,165
51,167
52,1
52,11
52,15
52,17
52,21
52,25
52,26
52,27
52,32
52,34
52,35
52,37
52,39
52,40
52,46
52,48
52,49
52,55
52,56
52,57
52,59
52,66
52,68
52,72
52,78
52,83
52,84
52,86
52,92
52,95
52,97
52,103
52,113
52,120
52,125
52,131
52,135
52,137
52,142
52,145
52,147
52,148
52,150
52,155
52,158
52,163
52,164
52,166
52,167
52,168
52,176
53,5
53,10
53,11
53,12
53,13
53,14
53,22
53,25
53,32
53,33
53,34
53,37
53,42
53,47
53,48
53,49
53,60
53,62
53,63
53,64
53,67
53,71
53,72
53,78
53,80
53,81
53,83
53,84
53,91
53,92
53,94
53,97
53,99
53,104
53,110
53,113
53,114
53,116
53,118
53,119
53,124
53,126
53,127
53,133
53,134
53,136
53,142
53,143
53,144
53,147
53,150
53,151
53,153
53,155
53,157
53,159
53,161
53,165
53,167
53,168
54,5
54,10
54,12
54,16
54,17
54,26
54,31
54,32
54,33
54,42
54,43
54,48
54,50
54,57
54,60
54,63
54,65
54,67
54,73
54,76
54,81
54,84
54,89
54,93
54,94
54,97
54,102
54,106
54,107
54,109
54,117
54,118
54,120
54,122
54,123
54,124
54,125
54,132
54,133
54,134
54,137
54,138
54,139
54,142
54,144
54,146
54,149
54,151
54,156
54,159
54,165
54,166
55,2
55,6
55,7
55,10
55,12
55,14
55,15
55,20
55,22
55,24
55,33
55,34
55,35
55,36
55,37
55,45
55,46
55,49
55,51
55,52
55,56
55,57
55,63
55,64
55,68
55,70
55,73
55,74
55,76
55,77
55,80
55,82
55,86
55,89
55,95
55,101
55,105
55,109
55,113
55,114
55,117
55,118
55,120
55,124
55,127
55,128
55,131
55,137
55,138
55,142
55,143
55,144
55,146
55,147
55,148
55,150
55,151
56,3
56,8
56,9
56,10
56,12
56,16
56,19
56,23
56,25
56,27
56,37
56,38
56,40
56,41
56,46
56,52
56,55
56,58
56,59
56,62
56,68
56,73
56,74
56,80
56,82
56,87
56,88
56,92
56,95
56,102
56,104
56,108
56,110
56,111
56,114
56,117
56,121
56,124
56,130
56,133
56,137
56,138
56,140
56,143
56,146
56,147
56,148
56,149
56,151
56,153
56,154
56,155
56,157
56,158
56,159
56,160
56,163
56,165
56,166
56,167
56,168
56,195
57,5
57,8
57,9
57,12
57,13
57,14
57,16
57,17
57,18
57,19
57,21
57,22
57,30
57,31
57,33
57,36
57,39
57,40
57,41
57,42
57,46
57,47
57,48
57,52
57,54
57,55
57,59
57,61
57,65
57,66
57,67
57,72
57,75
57,76
57,79
57,81
57,83
57,90
57,93
57,94
57,97
57,103
57,104
57,109
57,111
57,116
57,118
57,121
57,123
57,124
57,129
57,130
57,132
57,135
57,136
57,137
57,138
57,139
57,144
57,146
57,147
57,148
57,149
57,154
57,155
57,156
57,157
57,159
57,161
57,164
57,166
58,1
58,9
58,11
58,12
58,14
58,15
58,16
58,22
58,27
58,31
58,32
58,33
58,34
58,35
58,36
58,39
58,40
58,43
58,47
58,56
58,60
58,66
58,67
58,73
58,79
58,89
58,91
58,96
58,104
58,109
58,110
58,111
58,112
58,117
58,123
58,124
58,126
58,127
58,129
58,130
58,132
58,135
58,139
58,140
58,144
58,149
58,153
58,156
58,159
58,161
58,164
58,166
58,167
58,168
59,3
59,8
59,9
59,10
59,14
59,16
59,17
59,19
59,22
59,26
59,30
59,32
59,33
59,36
59,38
59,45
59,51
59,52
59,56
59,57
59,70
59,71
59,73
59,75
59,81
59,82
59,83
59,85
59,89
59,90
59,92
59,94
59,96
59,98
59,100
59,103
59,104
59,111
59,113
59,114
59,115
59,121
59,125
59,127
59,129
59,131
59,137
59,139
59,140
59,143
59,149
59,153
59,154
59,158
59,166
59,167
59,168
59,174
59,175
60,2
60,3
60,4
60,8
60,11
60,12
60,15
60,16
60,18
60,20
60,22
60,23
60,24
60,25
60,29
60,32
60,33
60,35
60,43
60,45
60,47
60,50
60,53
60,54
60,58
60,63
60,67
60,74
60,76
60,78
60,87
60,88
60,89
60,90
60,91
60,92
60,95
60,96
60,97
60,98
60,100
60,103
60,106
60,113
60,115
60,118
60,119
60,122
60,123
60,131
60,134
60,136
60,137
60,141
60,142
60,144
60,147
60,148
60,149
60,151
60,154
60,155
60,159
60,162
60,163
60,165
60,171
61,3
61,7
61,9
61,10
61,14
61,19
61,22
61,24
61,25
61,26
61,28
61,30
61,33
61,34
61,36
61,38
61,40
61,41
61,46
61,47
61,48
61,51
61,57
61,62
61,65
61,67
61,69
61,74
61,77
61,80
61,82
61,84
61,86
61,89
61,93
61,94
61,95
61,96
61,100
61,101
61,102
61,104
61,107
61,108
61,112
61,113
61,116
61,118
61,120
61,124
61,129
61,131
61,133
61,137
61,138
61,143
61,144
61,145
61,147
61,150
61,154
61,158
61,163
61,164
62,5
62,6
62,9
62,10
62,11
62,15
62,17
62,21
62,23
62,35
62,38
62,39
62,40
62,47
62,49
62,50
62,53
62,56
62,61
62,65
62,67
62,70
62,71
62,73
62,78
62,79
62,80
62,83
62,84
62,86
62,87
62,88
62,90
62,91
62,94
62,96
62,104
62,106
62,107
62,109
62,118
62,121
62,128
62,131
62,133
62,139
62,144
62,150
62,151
62,157
62,158
62,162
62,165
62,168
63,3
63,4
63,5
63,7
63,9
63,10
63,11
63,14
63,16
63,20
63,27
63,32
63,33
63,35
63,36
63,37
63,41
63,47
63,51
63,53
63,54
63,55
63,60
63,64
63,65
63,68
63,72
63,73
63,81
63,82
63,83
63,86
63,88
63,89
63,91
63,97
63,99
63,100
63,106
63,107
63,109
63,112
63,114
63,116
63,118
63,119
63,120
63,123
63,130
63,132
63,133
63,137
63,139
63,141
63,143
63,146
63,147
63,149
63,151
63,155
63,159
63,165
63,166
64,3
64,4
64,8
64,10
64,13
64,14
64,20
64,24
64,27
64,28
64,34
64,35
64,37
64,38
64,40
64,46
64,48
64,50
64,53
64,55
64,63
64,65
64,66
64,73
64,74
64,76
64,83
64,87
64,100
64,103
64,105
64,111
64,115
64,117
64,124
64,126
64,127
64,128
64,129
64,131
64,132
64,134
64,138
64,140
64,142
64,144
64,145
64,146
64,149
64,150
64,155
64,156
64,157
64,163
65,1
65,3
65,5
65,6
65,8
65,11
65,17
65,18
65,25
65,27
65,31
65,33
65,39
65,41
65,45
65,46
65,48
65,54
65,57
65,61
65,62
65,63
65,64
65,67
65,73
65,74
65,76
65,81
65,83
65,86
65,87
65,88
65,90
65,92
65,94
65,100
65,104
65,106
65,107
65,111
65,116
65,119
65,120
65,122
65,123
65,129
65,131
65,135
65,138
65,142
65,143
65,144
65,147
65,148
65,154
65,155
65,162
65,163
65,164
65,168
65,189
66,1
66,3
66,4
66,10
66,11
66,14
66,15
66,16
66,17
66,19
66,22
66,23
66,24
66,25
66,26
66,27
66,33
66,37
66,39
66,40
66,44
66,48
66,52
66,57
66,58
66,64
66,68
66,69
66,71
66,78
66,79
66,85
66,98
66,99
66,104
66,109
66,114
66,115
66,117
66,118
66,119
66,120
66,122
66,124
66,127
66,130
66,136
66,138
66,146
66,155
66,158
66,160
66,162
66,163
66,167
66,168
67,1
67,5
67,8
67,9
67,17
67,22
67,24
67,25
67,28
67,30
67,36
67,40
67,44
67,46
67,47
67,50
67,51
67,53
67,54
67,57
67,58
67,60
67,61
67,62
67,65
67,70
67,75
67,76
67,81
67,82
67,86
67,88
67,93
67,95
67,96
67,97
67,99
67,109
67,113
67,114
67,116
67,117
67,118
67,120
67,122
67,123
67,126
67,127
67,129
67,132
67,136
67,138
67,140
67,141
67,143
67,145
67,146
67,147
67,148
67,153
67,154
67,155
67,156
67,158
67,163
67,164
67,165
67,166
68,5
68,7
68,9
68,10
68,11
68,14
68,19
68,20
68,22
68,26
68,28
68,31
68,35
68,37
68,38
68,39
68,40
68,47
68,49
68,52
68,55
68,56
68,63
68,66
68,69
68,70
68,71
68,72
68,74
68,77
68,79
68,86
68,87
68,89
68,90
68,93
68,94
68,96
68,97
68,99
68,102
68,104
68,107
68,108
68,110
68,115
68,117
68,123
68,124
68,130
68,132
68,134
68,136
68,137
68,138
68,146
68,149
68,150
68,160
68,161
68,162
68,164
69,1
69,3
69,4
69,5
69,6
69,11
69,12
69,13
69,14
69,19
69,24
69,26
69,28
69,31
69,34
69,47
69,49
69,61
69,66
69,68
69,70
69,74
69,75
69,77
69,78
69,79
69,83
69,89
69,91
69,97
69,100
69,103
69,116
69,117
69,122
69,123
69,124
69,125
69,127
69,130
69,144
69,145
69,146
69,151
69,152
69,154
69,155
69,156
69,158
69,163
69,164
70,2
70,3
70,6
70,8
70,10
70,12
70,18
70,19
70,28
70,29
70,30
70,32
70,45
70,55
70,59
70,62
70,67
70,68
70,69
70,73
70,75
70,79
70,84
70,86
70,89
70,91
70,93
70,96
70,97
70,104
70,105
70,106
70,112
70,117
70,122
70,127
70,128
70,129
70,132
70,134
70,136
70,141
70,142
70,145
70,146
70,147
70,155
70,156
70,157
70,161
70,162
70,169
71,3
71,8
71,9
71,10
71,15
71,16
71,19
71,21
71,27
71,30
71,32
71,33
71,35
71,44
71,46
71,47
71,48
71,53
71,59
71,62
71,66
71,68
71,74
71,76
71,80
71,82
71,84
71,86
71,87
71,91
71,92
71,94
71,98
71,99
71,101
71,102
71,103
71,104
71,106
71,110
71,116
71,121
71,122
71,128
71,134
71,139
71,141
71,142
71,146
71,148
71,149
71,153
71,154
71,155
71,156
71,166
71,168
72,2
72,8
72,9
72,14
72,16
72,24
72,32
72,36
72,41
72,45
72,48
72,52
72,53
72,57
72,63
72,68
72,77
72,78
72,80
72,81
72,84
72,87
72,92
72,95
72,102
72,104
72,105
72,107
72,111
72,115
72,118
72,119
72,136
72,143
72,144
72,145
72,147
72,149
72,151
72,152
72,153
72,155
72,157
72,158
72,160
72,164
72,165
72,166
73,1
73,11
73,14
73,18
73,20
73,24
73,26
73,27
73,29
73,38
73,39
73,40
73,41
73,45
73,47
73,49
73,50
73,54
73,55
73,56
73,58
73,59
73,62
73,63
73,64
73,65
73,70
73,76
73,77
73,78
73,80
73,82
73,83
73,96
73,97
73,100
73,104
73,115
73,119
73,121
73,122
73,123
73,126
73,128
73,133
73,134
73,140
73,143
73,145
73,146
73,147
73,148
73,149
73,153
73,154
73,156
73,159
73,161
73,168
74,5
74,6
74,9
74,12
74,14
74,20
74,26
74,32
74,34
74,35
74,37
74,41
74,46
74,55
74,56
74,60
74,61
74,64
74,65
74,68
74,69
74,71
74,77
74,79
74,84
74,85
74,86
74,87
74,90
74,91
74,92
74,93
74,94
74,95
74,97
74,99
74,100
74,102
74,103
74,109
74,111
74,113
74,118
74,119
74,121
74,125
74,128
74,129
74,133
74,140
74,141
74,142
74,143
74,144
74,153
74,155
74,160
74,162
74,166
74,183
75,1
75,2
75,6
75,7
75,8
75,11
75,17
75,18
75,21
75,22
75,24
75,25
75,26
75,28
75,31
75,32
75,33
75,34
75,35
75,40
75,41
75,43
75,44
75,46
75,47
75,48
75,57
75,59
75,67
75,69
75,70
75,78
75,79
75,87
75,93
75,97
75,98
75,100
75,112
75,115
75,118
75,123
75,125
75,128
75,134
75,135
75,142
75,143
75,144
75,146
75,149
75,150
75,151
75,162
75,167
76,1
76,2
76,3
76,4
76,5
76,11
76,12
76,15
76,23
76,24
76,25
76,28
76,33
76,41
76,42
76,48
76,54
76,55
76,57
76,60
76,64
76,65
76,67
76,71
76,73
76,78
76,79
76,81
76,82
76,91
76,92
76,93
76,94
76,97
76,98
76,101
76,106
76,109
76,112
76,114
76,120
76,125
76,136
76,138
76,140
76,141
76,146
76,147
76,152
76,159
76,160
76,161
76,162
76,163
76,164
76,166
77,1
77,4
77,11
77,13
77,21
77,25
77,27
77,32
77,35
77,37
77,41
77,42
77,44
77,51
77,55
77,61
77,68
77,69
77,72
77,73
77,74
77,87
77,88
77,91
77,100
77,101
77,104
77,107
77,112
77,115
77,116
77,117
77,118
77,121
77,123
77,127
77,129
77,133
77,134
77,135
77,140
77,141
77,145
77,151
77,154
77,155
77,157
77,160
77,162
78,3
78,7
78,11
78,14
78,15
78,17
78,18
78,21
78,22
78,25
78,26
78,29
78,30
78,31
78,32
78,35
78,39
78,44
78,45
78,47
78,48
78,52
78,53
78,60
78,62
78,66
78,69
78,72
78,73
78,75
78,76
78,79
78,83
78,85
78,88
78,93
78,94
78,96
78,101
78,103
78,107
78,110
78,116
78,121
78,125
78,128
78,130
78,131
78,135
78,139
78,146
78,149
78,150
78,152
78,157
78,158
78,159
78,166
79,1
79,2
79,3
79,6
79,15
79,18
79,22
79,23
79,27
79,28
79,31
79,32
79,39
79,40
79,41
79,42
79,44
79,45
79,48
79,49
79,51
79,57
79,58
79,62
79,66
79,68
79,69
79,70
79,74
79,75
79,76
79,78
79,81
79,83
79,84
79,86
79,87
79,91
79,94
79,101
79,108
79,117
79,119
79,123
79,126
79,127
79,130
79,132
79,134
79,138
79,139
79,141
79,142
79,144
79,145
79,153
79,154
79,159
79,163
79,166
80,1
80,2
80,3
80,6
80,8
80,9
80,13
80,15
80,16
80,21
80,26
80,31
80,33
80,36
80,38
80,47
80,48
80,53
80,55
80,56
80,61
80,62
80,71
80,72
80,73
80,94
80,97
80,105
80,123
80,125
80,127
80,133
80,134
80,139
80,143
80,146
80,152
80,155
80,158
80,159
80,163
81,1
81,2
81,11
81,14
81,18
81,26
81,43
81,45
81,48
81,49
81,53
81,54
81,57
81,59
81,63
81,65
81,67
81,72
81,76
81,79
81,85
81,86
81,89
81,92
81,94
81,97
81,103
81,107
81,108
81,120
81,122
81,125
81,126
81,127
81,129
81,133
81,137
81,140
81,141
81,142
81,146
81,153
81,155
81,156
81,159
81,161
81,162
81,164
81,167
81,168
82,2
82,6
82,7
82,13
82,15
82,16
82,17
82,18
82,23
82,25
82,29
82,32
82,35
82,36
82,46
82,47
82,50
82,55
82,56
82,59
82,61
82,63
82,67
82,71
82,73
82,76
82,83
82,89
82,90
82,92
82,95
82,96
82,100
82,101
82,102
82,103
82,117
82,119
82,121
82,124
82,127
82,128
82,134
82,136
82,141
82,148
82,151
82,156
82,159
82,160
82,163
82,165
82,166
82,168
83,1
83,3
83,7
83,9
83,10
83,14
83,22
83,23
83,24
83,25
83,27
83,28
83,30
83,31
83,32
83,33
83,35
83,38
83,41
83,43
83,45
83,47
83,48
83,49
83,50
83,51
83,52
83,53
83,57
83,59
83,62
83,63
83,64
83,65
83,69
83,73
83,78
83,79
83,82
83,90
83,92
83,95
83,98
83,99
83,105
83,108
83,116
83,117
83,121
83,122
83,125
83,126
83,130
83,134
83,138
83,139
83,141
83,143
83,150
83,151
83,154
83,162
83,163
83,166
83,167
84,3
84,12
84,14
84,16
84,21
84,22
84,25
84,26
84,30
84,32
84,38
84,40
84,41
84,42
84,43
84,47
84,49
84,52
84,53
84,54
84,61
84,62
84,70
84,71
84,72
84,74
84,79
84,86
84,94
84,99
84,101
84,106
84,108
84,110
84,112
84,116
84,117
84,119
84,120
84,121
84,122
84,125
84,128
84,137
84,139
84,140
84,143
84,145
84,147
84,148
84,151
84,155
84,157
84,159
84,161
84,165
84,166
85,3
85,4
85,5
85,6
85,7
85,8
85,13
85,22
85,26
85,31
85,32
85,34
85,35
85,36
85,39
85,40
85,43
85,44
85,59
85,66
85,74
85,78
85,81
85,86
85,88
85,90
85,94
85,97
85,98
85,104
85,107
85,108
85,109
85,112
85,113
85,116
85,119
85,121
85,127
85,130
85,137
85,138
85,141
85,143
85,147
85,156
85,161
85,162
85,163
85,167
86,1
86,4
86,14
86,20
86,21
86,31
86,32
86,34
86,36
86,38
86,39
86,44
86,45
86,49
86,52
86,55
86,61
86,62
86,63
86,65
86,67
86,68
86,70
86,71
86,74
86,79
86,81
86,84
86,85
86,88
86,92
86,94
86,95
86,97
86,98
86,100
86,102
86,105
86,106
86,107
86,112
86,119
86,120
86,121
86,122
86,125
86,126
86,128
86,129
86,134
86,137
86,139
86,140
86,142
86,143
86,144
86,146
86,150
86,154
86,156
86,160
86,161
86,168
86,198
87,1
87,4
87,8
87,11
87,14
87,19
87,20
87,21
87,22
87,23
87,28
87,29
87,30
87,31
87,35
87,37
87,40
87,41
87,42
87,44
87,45
87,46
87,50
87,56
87,60
87,62
87,64
87,65
87,68
87,71
87,72
87,74
87,75
87,77
87,79
87,89
87,90
87,91
87,94
87,95
87,97
87,98
87,99
87,103
87,106
87,107
87,108
87,111
87,116
87,119
87,120
87,124
87,127
87,129
87,137
87,138
87,143
87,145
87,148
87,154
87,159
87,165
87,166
88,5
88,16
88,21
88,23
88,28
88,32
88,35
88,38
88,40
88,41
88,48
88,51
88,56
88,60
88,62
88,63
88,65
88,67
88,77
88,78
88,85
88,86
88,89
88,90
88,93
88,95
88,96
88,97
88,101
88,103
88,107
88,109
88,114
88,115
88,116
88,119
88,120
88,123
88,127
88,132
88,141
88,145
88,147
88,148
88,152
88,155
88,157
88,158
88,161
88,163
88,164
88,165
88,167
88,168
89,2
89,3
89,5
89,6
89,11
89,13
89,14
89,15
89,17
89,18
89,20
89,24
89,26
89,29
89,32
89,33
89,39
89,43
89,44
89,46
89,47
89,48
89,50
89,51
89,54
89,55
89,58
89,59
89,60
89,61
89,63
89,68
89,69
89,70
89,81
89,82
89,87
89,88
89,96
89,98
89,100
89,102
89,103
89,104
89,105
89,109
89,117
89,122
89,128
89,129
89,130
89,133
89,134
89,137
89,142
89,144
89,146
89,147
89,149
89,155
89,157
89,165
89,166
89,199
90,1
90,2
90,3
90,7
90,18
90,20
90,23
90,24
90,25
90,28
90,30
90,32
90,41
90,46
90,50
90,51
90,57
90,59
90,60
90,62
90,65
90,68
90,74
90,82
90,83
90,85
90,87
90,88
90,91
90,92
90,98
90,100
90,101
90,103
90,105
90,110
90,111
90,113
90,114
90,117
90,118
90,119
90,121
90,127
90,129
90,137
90,138
90,139
90,142
90,149
90,150
90,151
90,153
90,154
90,155
90,157
90,162
90,165
90,166
91,2
91,4
91,5
91,9
91,16
91,18
91,20
91,23
91,25
91,29
91,30
91,31
91,36
91,37
91,40
91,41
91,46
91,48
91,49
91,51
91,53
91,58
91,60
91,62
91,63
91,69
91,70
91,71
91,74
91,76
91,77
91,79
91,87
91,90
91,92
91,93
91,99
91,102
91,103
91,107
91,109
91,110
91,117
91,119
91,122
91,125
91,126
91,131
91,133
91,138
91,144
91,146
91,148
91,151
91,152
91,155
91,156
91,158
91,160
91,161
91,167
92,7
92,8
92,10
92,12
92,13
92,14
92,21
92,22
92,26
92,29
92,32
92,36
92,41
92,42
92,43
92,46
92,48
92,49
92,52
92,53
92,56
92,59
92,60
92,65
92,71
92,72
92,74
92,76
92,81
92,82
92,83
92,86
92,90
92,91
92,96
92,97
92,99
92,101
92,103
92,107
92,116
92,118
92,121
92,132
92,133
92,135
92,142
92,144
92,145
92,157
92,158
92,162
92,165
92,166
92,168
93,2
93,3
93,9
93,10
93,11
93,12
93,13
93,16
93,20
93,21
93,22
93,26
93,27
93,28
93,30
93,31
93,32
93,38
93,41
93,42
93,46
93,47
93,54
93,57
93,61
93,67
93,68
93,70
93,74
93,75
93,76
93,78
93,88
93,91
93,94
93,95
93,105
93,106
93,113
93,116
93,119
93,120
93,121
93,122
93,124
93,126
93,129
93,131
93,134
93,136
93,137
93,140
93,142
93,143
93,144
93,145
93,146
93,151
93,152
93,155
93,156
93,157
93,158
93,160
93,167
94,1
94,2
94,5
94,14
94,16
94,18
94,19
94,23
94,25
94,27
94,31
94,32
94,35
94,40
94,41
94,42
94,44
94,46
94,49
94,50
94,51
94,53
94,54
94,57
94,59
94,61
94,62
94,65
94,68
94,71
94,74
94,76
94,78
94,79
94,80
94,81
94,84
94,85
94,86
94,87
94,93
94,98
94,99
94,100
94,103
94,105
94,106
94,108
94,110
94,117
94,118
94,125
94,131
94,135
94,137
94,138
94,142
94,143
94,144
94,147
94,148
94,150
94,153
94,156
95,1
95,2
95,7
95,8
95,12
95,13
95,15
95,17
95,20
95,28
95,30
95,33
95,34
95,39
95,43
95,47
95,52
95,55
95,56
95,60
95,61
95,67
95,72
95,74
95,82
95,83
95,86
95,87
95,88
95,93
95,97
95,101
95,107
95,108
95,109
95,111
95,114
95,117
95,118
95,122
95,134
95,137
95,138
95,139
95,143
95,145
95,149
95,151
95,152
95,154
95,159
95,162
95,164
95,165
96,1
96,2
96,5
96,6
96,10
96,11
96,18
96,20
96,25
96,27
96,28
96,34
96,36
96,37
96,43
96,44
96,46
96,47
96,58
96,59
96,60
96,61
96,62
96,67
96,68
96,70
96,73
96,78
96,82
96,88
96,89
96,92
96,97
96,98
96,99
96,101
96,104
96,108
96,111
96,112
96,117
96,120
96,122
96,123
96,124
96,127
96,128
96,129
96,131
96,136
96,138
96,139
96,144
96,146
96,147
96,148
96,150
96,152
96,154
96,155
96,160
96,164
97,1
97,2
97,5
97,20
97,25
97,29
97,35
97,37
97,40
97,42
97,43
97,52
97,53
97,54
97,57
97,60
97,63
97,67
97,68
97,69
97,70
97,73
97,74
97,75
97,76
97,80
97,81
97,85
97,86
97,87
97,88
97,92
97,95
97,96
97,100
97,104
97,105
97,106
97,110
97,111
97,114
97,116
97,117
97,119
97,121
97,123
97,124
97,125
97,126
97,127
97,129
97,131
97,134
97,140
97,147
97,149
97,150
97,151
97,156
97,158
97,160
97,165
97,166
97,167
97,168
98,2
98,3
98,4
98,12
98,13
98,14
98,16
98,17
98,19
98,21
98,25
98,26
98,29
98,32
98,39
98,42
98,43
98,45
98,46
98,48
98,49
98,59
98,60
98,66
98,71
98,75
98,76
98,83
98,85
98,86
98,87
98,89
98,90
98,94
98,96
98,100
98,106
98,109
98,111
98,112
98,128
98,129
98,133
98,134
98,136
98,138
98,140
98,143
98,145
98,146
98,148
98,151
98,152
98,153
98,164
98,166
98,167
99,14
99,15
99,21
99,24
99,26
99,27
99,28
99,35
99,38
99,47
99,51
99,53
99,63
99,66
99,67
99,68
99,71
99,74
99,83
99,84
99,87
99,91
99,92
99,94
99,96
99,100
99,101
99,104
99,111
99,114
99,121
99,123
99,125
99,131
99,137
99,142
99,145
99,147
99,149
99,150
99,151
99,152
99,154
99,157
99,158
99,163
100,1
100,6
100,12
100,15
100,18
100,19
100,20
100,29
100,35
100,37
100,38
100,39
100,40
100,41
100,43
100,46
100,48
100,59
100,60
100,61
100,63
100,64
100,65
100,69
100,73
100,74
100,75
100,77
100,82
100,86
100,89
100,90
100,94
100,97
100,98
100,99
100,103
100,104
100,107
100,108
100,110
100,112
100,116
100,117
100,122
100,123
100,132
100,133
100,136
100,141
100,142
100,150
100,151
100,152
100,156
100,161
100,166
101,2
101,3
101,4
101,7
101,12
101,15
101,16
101,17
101,21
101,24
101,30
101,32
101,37
101,42
101,43
101,55
101,61
101,71
101,76
101,77
101,78
101,79
101,82
101,84
101,88
101,90
101,92
101,95
101,96
101,99
101,105
101,116
101,118
101,121
101,123
101,125
101,126
101,127
101,128
101,131
101,132
101,133
101,136
101,139
101,141
101,143
101,148
101,150
101,154
101,155
101,158
101,162
101,164
101,167
102,1
102,4
102,6
102,8
102,12
102,18
102,23
102,26
102,28
102,36
102,38
102,42
102,44
102,45
102,49
102,54
102,56
102,61
102,68
102,71
102,72
102,74
102,82
102,86
102,89
102,91
102,103
102,105
102,109
102,110
102,111
102,112
102,114
102,115
102,119
102,120
102,121
102,122
102,125
102,134
102,135
102,137
102,142
102,145
102,146
102,152
102,153
102,154
102,156
102,159
102,165
102,166
103,2
103,4
103,7
103,8
103,13
103,18
103,25
103,30
103,31
103,32
103,37
103,39
103,41
103,44
103,50
103,52
103,57
103,59
103,60
103,64
103,69
103,71
103,74
103,78
103,81
103,82
103,87
103,88
103,89
103,90
103,91
103,92
103,94
103,100
103,102
103,104
103,107
103,110
103,111
103,116
103,121
103,122
103,123
103,124
103,128
103,130
103,131
103,136
103,141
103,142
103,143
103,144
103,147
103,155
103,157
103,158
103,159
103,160
103,161
103,162
103,165
103,166
104,2
104,12
104,20
104,23
104,24
104,39
104,47
104,49
104,53
104,56
104,57
104,58
104,59
104,61
104,62
104,65
104,66
104,68
104,70
104,71
104,72
104,73
104,77
104,85
104,89
104,96
104,97
104,99
104,100
104,103
104,107
104,111
104,121
104,122
104,127
104,134
104,137
104,149
104,155
104,158
104,167
105,1
105,3
105,4
105,9
105,10
105,12
105,13
105,14
105,17
105,18
105,20
105,23
105,25
105,26
105,28
105,33
105,34
105,37
105,38
105,40
105,43
105,46
105,50
105,55
105,64
105,70
105,72
105,80
105,83
105,86
105,89
105,90
105,93
105,94
105,97
105,101
105,102
105,109
105,116
105,117
105,119
105,120
105,121
105,123
105,124
105,131
105,133
105,134
105,142
105,143
105,144
105,153
105,156
105,160
105,168
106,2
106,4
106,6
106,10
106,11
106,20
106,21
106,24
106,28
106,31
106,32
106,39
106,40
106,41
106,43
106,46
106,48
106,49
106,50
106,51
106,54
106,60
106,62
106,63
106,65
106,70
106,71
106,76
106,84
106,86
106,87
106,93
106,94
106,97
106,98
106,110
106,113
106,122
106,126
106,130
106,132
106,135
106,136
106,137
106,141
106,143
106,147
106,151
106,155
106,156
106,157
106,158
106,160
106,163
106,165
106,166
107,6
107,9
107,12
107,15
107,16
107,20
107,21
107,29
107,31
107,32
107,33
107,34
107,37
107,39
107,41
107,42
107,43
107,46
107,49
107,51
107,54
107,61
107,62
107,63
107,65
107,68
107,72
107,77
107,78
107,81
107,85
107,86
107,87
107,88
107,91
107,92
107,95
107,100
107,103
107,104
107,108
107,110
107,113
107,115
107,116
107,119
107,122
107,124
107,126
107,129
107,130
107,134
107,135
107,139
107,142
107,143
107,147
107,148
107,151
107,152
107,156
107,159
107,163
107,166
107,167
108,4
108,5
108,7
108,8
108,16
108,23
108,24
108,25
108,27
108,33
108,44
108,46
108,48
108,49
108,51
108,56
108,61
108,68
108,79
108,81
108,83
108,84
108,85
108,87
108,94
108,95
108,96
108,100
108,107
108,115
108,117
108,119
108,127
108,132
108,136
108,141
108,142
108,144
108,147
108,149
108,153
108,156
108,157
108,159
108,164
109,4
109,6
109,10
109,12
109,15
109,18
109,20
109,25
109,27
109,29
109,31
109,35
109,41
109,46
109,47
109,50
109,54
109,55
109,57
109,58
109,62
109,63
109,66
109,67
109,74
109,76
109,85
109,88
109,89
109,91
109,95
109,98
109,102
109,105
109,113
109,116
109,121
109,124
109,125
109,127
109,132
109,134
109,137
109,142
109,144
109,146
109,149
109,150
109,160
109,162
110,2
110,4
110,13
110,18
110,20
110,29
110,32
110,36
110,38
110,39
110,43
110,49
110,50
110,53
110,56
110,58
110,68
110,71
110,78
110,84
110,90
110,91
110,94
110,97
110,100
110,102
110,103
110,106
110,107
110,112
110,114
110,115
110,117
110,119
110,122
110,125
110,126
110,128
110,129
110,131
110,132
110,133
110,135
110,136
110,139
110,141
110,142
110,143
110,147
110,149
110,152
110,153
110,154
110,157
110,161
110,162
110,165
110,166
111,1
111,2
111,3
111,6
111,9
111,10
111,16
111,23
111,24
111,25
111,26
111,29
111,30
111,33
111,34
111,35
111,41
111,50
111,51
111,56
111,57
111,58
111,59
111,64
111,65
111,72
111,74
111,87
111,90
111,95
111,96
111,97
111,98
111,99
111,102
111,103
111,104
111,112
111,124
111,133
111,136
111,137
111,138
111,145
111,146
111,155
111,156
111,157
111,159
111,160
111,161
111,163
111,167
111,173
112,1
112,4
112,5
112,6
112,10
112,11
112,12
112,14
112,17
112,18
112,22
112,25
112,28
112,36
112,37
112,45
112,48
112,50
112,58
112,61
112,63
112,70
112,75
112,76
112,77
112,84
112,85
112,86
112,96
112,98
112,100
112,102
112,110
112,111
112,113
112,114
112,129
112,131
112,132
112,133
112,140
112,141
112,144
112,145
112,147
112,148
112,150
112,154
112,155
112,156
112,158
112,161
112,165
112,166
113,4
113,5
113,7
113,10
113,13
113,17
113,21
113,24
113,27
113,31
113,33
113,39
113,42
113,46
113,48
113,52
113,53
113,55
113,59
113,60
113,61
113,67
113,74
113,85
113,90
113,93
113,106
113,107
113,109
113,112
113,114
113,115
113,117
113,118
113,122
113,133
113,139
113,145
113,146
113,149
113,161
113,163
113,164
113,168
114,1
114,4
114,7
114,15
114,16
114,25
114,30
114,31
114,33
114,40
114,53
114,55
114,56
114,59
114,63
114,66
114,67
114,76
114,88
114,90
114,95
114,97
114,99
114,102
114,110
114,112
114,113
114,115
114,116
114,119
114,121
114,126
114,127
114,128
114,130
114,132
114,133
114,134
114,138
114,141
114,142
114,147
114,149
114,150
114,151
114,152
114,161
114,163
115,1
115,2
115,3
115,4
115,5
115,6
115,8
115,10
115,12
115,13
115,17
115,19
115,22
115,23
115,25
115,31
115,32
115,37
115,39
115,40
115,44
115,47
115,51
115,59
115,60
115,64
115,66
115,68
115,72
115,73
115,75
115,77
115,88
115,102
115,107
115,108
115,110
115,113
115,114
115,118
115,122
115,125
115,126
115,127
115,129
115,130
115,142
115,144
115,148
115,150
115,152
115,157
115,160
115,161
116,7
116,8
116,9
116,10
116,11
116,13
116,17
116,19
116,26
116,33
116,35
116,42
116,45
116,51
116,53
116,57
116,61
116,63
116,65
116,67
116,69
116,71
116,77
116,78
116,83
116,84
116,85
116,87
116,88
116,92
116,93
116,97
116,100
116,101
116,103
116,105
116,107
116,109
116,114
116,118
116,127
116,132
116,133
116,137
116,138
116,140
116,144
116,145
116,147
116,148
116,150
116,152
116,154
116,155
116,158
116,163
116,167
117,2
117,6
117,7
117,9
117,10
117,11
117,14
117,15
117,17
117,20
117,24
117,35
117,36
117,37
117,39
117,44
117,46
117,47
117,49
117,51
117,54
117,55
117,56
117,58
117,64
117,66
117,67
117,68
117,69
117,70
117,77
117,79
117,82
117,83
117,84
117,89
117,90
117,91
117,94
117,95
117,96
117,97
117,100
117,105
117,108
117,110
117,113
117,118
117,121
117,127
117,130
117,131
117,132
117,133
117,134
117,136
117,150
117,152
117,153
117,158
117,159
117,163
117,168
117,170
118,6
118,9
118,11
118,12
118,13
118,18
118,19
118,22
118,28
118,33
118,34
118,37
118,42
118,43
118,44
118,53
118,54
118,55
118,57
118,60
118,61
118,62
118,63
118,66
118,67
118,72
118,74
118,75
118,77
118,90
118,92
118,94
118,95
118,101
118,113
118,115
118,116
118,117
118,119
118,125
118,131
118,134
118,146
118,148
118,153
118,157
118,160
118,161
118,164
119,3
119,10
119,15
119,18
119,20
119,23
119,25
119,26
119,28
119,29
119,33
119,36
119,38
119,41
119,49
119,50
119,53
119,60
119,63
119,65
119,66
119,72
119,73
119,74
119,79
119,82
119,84
119,85
119,86
119,87
119,88
119,90
119,91
119,93
119,97
119,102
119,105
119,107
119,108
119,110
119,114
119,118
119,121
119,122
119,126
119,127
119,128
119,129
119,131
119,133
119,136
119,139
119,142
119,143
119,145
119,148
119,149
119,153
119,159
119,162
119,163
119,166
119,167
119,168
120,1
120,3
120,10
120,16
120,17
120,21
120,22
120,24
120,25
120,30
120,37
120,38
120,39
120,42
120,46
120,47
120,49
120,52
120,54
120,55
120,61
120,63
120,65
120,66
120,67
120,76
120,81
120,84
120,86
120,87
120,88
120,93
120,96
120,102
120,105
120,126
120,127
120,128
120,130
120,131
120,133
120,139
120,140
120,145
120,147
120,148
120,153
120,154
120,157
120,158
120,163
120,165
121,4
121,12
121,13
121,14
121,17
121,18
121,20
121,22
121,23
121,24
121,27
121,30
121,32
121,38
121,45
121,46
121,47
121,56
121,57
121,59
121,62
121,71
121,73
121,74
121,77
121,78
121,82
121,83
121,84
121,85
121,86
121,90
121,92
121,93
121,97
121,99
121,101
121,102
121,103
121,104
121,105
121,109
121,114
121,117
121,119
121,124
121,127
121,128
121,133
121,135
121,137
121,138
121,140
121,144
121,153
121,157
121,159
121,160
121,163
121,168
121,182
122,2
122,4
122,11
122,15
122,16
122,29
122,30
122,31
122,32
122,34
122,35
122,37
122,40
122,41
122,42
122,43
122,44
122,46
122,47
122,51
122,54
122,60
122,65
122,66
122,67
122,69
122,70
122,71
122,73
122,81
122,83
122,84
122,86
122,89
122,91
122,93
122,95
122,96
122,100
122,102
122,103
122,104
122,106
122,107
122,110
122,113
122,115
122,119
122,124
122,125
122,132
122,134
122,136
122,138
122,143
122,148
122,153
122,159
122,160
122,162
122,164
122,165
122,168
123,2
123,5
123,6
123,7
123,9
123,10
123,11
123,12
123,14
123,18
123,22
123,24
123,28
123,29
123,34
123,35
123,36
123,42
123,44
123,46
123,49
123,51
123,54
123,57
123,58
123,60
123,63
123,65
123,67
123,68
123,69
123,73
123,75
123,77
123,79
123,80
123,88
123,96
123,97
123,99
123,100
123,101
123,103
123,105
123,127
123,129
123,131
123,132
123,133
123,135
123,136
123,137
123,138
123,140
123,142
123,145
123,147
123,148
123,154
123,156
123,157
123,164
123,166
123,167
124,7
124,8
124,9
124,10
124,14
124,18
124,19
124,21
124,24
124,25
124,27
124,29
124,32
124,33
124,34
124,35
124,42
124,46
124,53
124,54
124,55
124,56
124,57
124,58
124,61
124,64
124,66
124,68
124,69
124,82
124,87
124,93
124,96
124,97
124,103
124,105
124,107
124,109
124,111
124,121
124,122
124,125
124,135
124,136
124,137
124,138
124,140
124,141
124,144
124,156
124,157
124,159
124,160
125,1
125,2
125,4
125,5
125,7
125,8
125,10
125,14
125,15
125,16
125,19
125,20
125,23
125,25
125,26
125,30
125,31
125,32
125,34
125,38
125,39
125,42
125,49
125,50
125,51
125,52
125,54
125,59
125,69
125,74
125,75
125,76
125,78
125,80
125,81
125,83
125,84
125,86
125,91
125,94
125,97
125,99
125,101
125,102
125,109
125,110
125,115
125,118
125,122
125,124
125,128
125,130
125,133
125,136
125,137
125,138
125,140
125,141
125,143
125,147
125,148
125,149
125,153
125,156
125,158
125,163
126,4
126,7
126,8
126,12
126,14
126,16
126,17
126,20
126,22
126,23
126,25
126,27
126,32
126,37
126,42
126,43
126,46
126,47
126,49
126,50
126,53
126,58
126,64
126,67
126,73
126,79
126,81
126,83
126,86
126,91
126,93
126,97
126,101
126,106
126,107
126,110
126,114
126,115
126,119
126,120
126,127
126,129
126,138
126,139
126,145
126,147
126,150
126,152
126,154
126,160
126,162
126,166
126,168
127,1
127,9
127,12
127,13
127,15
127,16
127,19
127,20
127,21
127,23
127,25
127,26
127,32
127,33
127,41
127,42
127,44
127,45
127,46
127,47
127,53
127,55
127,58
127,59
127,64
127,66
127,67
127,69
127,70
127,77
127,79
127,80
127,81
127,82
127,85
127,87
127,88
127,90
127,96
127,97
127,101
127,104
127,108
127,109
127,114
127,115
127,116
127,117
127,119
127,120
127,121
127,123
127,126
127,131
127,132
127,134
127,137
127,139
127,141
127,146
127,148
127,149
127,151
127,157
127,162
127,163
127,166
127,167
128,1
128,2
128,5
128,6
128,7
128,24
128,25
128,29
128,30
128,33
128,39
128,42
128,47
128,50
128,51
128,55
128,62
128,64
128,70
128,71
128,73
128,74
128,75
128,78
128,82
128,84
128,86
128,89
128,96
128,98
128,101
128,103
128,110
128,114
128,119
128,120
128,121
128,125
128,130
128,131
128,135
128,139
128,144
128,149
128,153
128,155
128,159
128,164
128,167
129,1
129,5
129,10
129,15
129,20
129,21
129,23
129,24
129,25
129,29
129,32
129,35
129,39
129,41
129,44
129,48
129,51
129,57
129,58
129,59
129,61
129,64
129,65
129,67
129,70
129,74
129,77
129,81
129,86
129,87
129,89
129,90
129,93
129,96
129,97
129,98
129,107
129,110
129,112
129,115
129,119
129,123
129,126
129,131
129,132
129,135
129,136
129,138
129,139
129,140
129,144
129,146
129,147
129,149
129,151
129,153
129,155
129,160
129,164
130,6
130,7
130,10
130,14
130,15
130,16
130,18
130,21
130,23
130,24
130,25
130,29
130,30
130,32
130,36
130,37
130,48
130,50
130,56
130,57
130,58
130,63
130,66
130,68
130,69
130,78
130,79
130,83
130,85
130,89
130,103
130,106
130,107
130,114
130,115
130,117
130,120
130,125
130,128
130,133
130,139
130,144
130,145
130,147
130,149
130,161
130,166
131,3
131,5
131,8
131,9
131,11
131,12
131,13
131,14
131,22
131,28
131,31
131,32
131,33
131,34
131,41
131,43
131,44
131,49
131,52
131,55
131,59
131,60
131,61
131,62
131,64
131,65
131,78
131,91
131,93
131,94
131,96
131,97
131,99
131,101
131,103
131,105
131,110
131,112
131,117
131,118
131,119
131,120
131,123
131,127
131,128
131,129
131,133
131,134
131,140
131,141
131,144
131,147
131,149
131,150
131,151
131,152
131,158
131,162
131,166
131,168
132,1
132,3
132,6
132,7
132,8
132,14
132,16
132,18
132,21
132,23
132,26
132,29
132,31
132,32
132,33
132,38
132,39
132,41
132,42
132,43
132,48
132,49
132,50
132,54
132,57
132,58
132,63
132,64
132,67
132,68
132,70
132,79
132,88
132,92
132,100
132,101
132,106
132,108
132,109
132,110
132,112
132,114
132,116
132,117
132,122
132,123
132,127
132,129
132,137
132,141
132,142
132,144
132,145
132,146
132,147
132,149
132,158
132,160
132,161
132,162
132,163
132,164
132,165
132,168
133,1
133,8
133,10
133,15
133,21
133,25
133,29
133,34
133,38
133,39
133,41
133,51
133,53
133,54
133,56
133,61
133,62
133,63
133,73
133,74
133,77
133,80
133,81
133,89
133,91
133,92
133,98
133,100
133,101
133,105
133,110
133,111
133,112
133,113
133,114
133,116
133,117
133,119
133,120
133,121
133,123
133,125
133,130
133,131
133,135
133,137
133,139
133,141
133,143
133,144
133,145
133,152
133,156
133,158
133,160
133,163
133,164
133,168
134,1
134,3
134,4
134,5
134,7
134,8
134,9
134,11
134,13
134,16
134,17
134,18
134,20
134,22
134,25
134,26
134,30
134,33
134,39
134,42
134,43
134,45
134,46
134,47
134,53
134,54
134,60
134,64
134,68
134,70
134,71
134,73
134,75
134,77
134,79
134,80
134,82
134,83
134,86
134,89
134,93
134,95
134,97
134,98
134,102
134,104
134,105
134,107
134,109
134,114
134,117
134,118
134,122
134,127
134,131
134,138
134,141
134,142
134,149
134,154
134,156
134,158
134,159
134,161
134,163
134,165
134,166
135,2
135,4
135,5
135,7
135,11
135,16
135,17
135,19
135,24
135,26
135,30
135,31
135,45
135,46
135,48
135,49
135,52
135,57
135,58
135,65
135,75
135,77
135,78
135,92
135,94
135,102
135,106
135,107
135,110
135,121
135,123
135,124
135,128
135,129
135,133
135,146
135,147
135,148
135,150
135,152
135,153
135,154
135,157
135,159
135,160
135,161
136,4
136,12
136,13
136,18
136,21
136,32
136,39
136,42
136,44
136,46
136,53
136,57
136,60
136,66
136,67
136,68
136,70
136,72
136,76
136,82
136,93
136,96
136,98
136,100
136,101
136,103
136,106
136,108
136,110
136,111
136,117
136,119
136,122
136,123
136,124
136,125
136,129
136,137
136,143
136,144
136,147
136,148
136,152
136,154
136,155
136,156
136,161
136,163
136,164
136,166
136,167
136,168
137,6
137,11
137,23
137,24
137,26
137,29
137,31
137,32
137,34
137,37
137,38
137,41
137,43
137,46
137,52
137,54
137,55
137,56
137,57
137,59
137,60
137,61
137,63
137,68
137,81
137,84
137,85
137,86
137,87
137,89
137,90
137,93
137,94
137,95
137,99
137,102
137,104
137,106
137,109
137,111
137,116
137,121
137,123
137,124
137,125
137,127
137,132
137,133
137,136
137,139
137,144
137,145
137,148
137,149
137,150
137,153
137,154
137,157
137,158
137,160
137,161
137,162
137,166
137,181
137,188
138,5
138,8
138,10
138,12
138,13
138,18
138,20
138,27
138,28
138,29
138,30
138,31
138,32
138,37
138,38
138,40
138,42
138,43
138,48
138,54
138,55
138,56
138,57
138,61
138,64
138,65
138,66
138,67
138,68
138,76
138,79
138,83
138,85
138,87
138,90
138,91
138,94
138,95
138,96
138,98
138,111
138,114
138,116
138,121
138,122
138,123
138,124
138,125
138,126
138,129
138,134
138,141
138,146
138,153
138,155
138,156
138,158
138,163
138,167
138,185
139,1
139,2
139,4
139,6
139,8
139,9
139,10
139,14
139,16
139,17
139,19
139,22
139,31
139,33
139,35
139,37
139,40
139,43
139,46
139,48
139,50
139,51
139,54
139,57
139,58
139,59
139,62
139,63
139,71
139,78
139,79
139,80
139,83
139,84
139,86
139,90
139,95
139,96
139,101
139,107
139,110
139,113
139,119
139,120
139,126
139,127
139,128
139,129
139,130
139,133
139,137
139,140
139,141
139,146
139,147
139,149
139,158
139,160
139,161
139,163
139,165
140,7
140,8
140,11
140,12
140,13
140,15
140,16
140,18
140,19
140,20
140,30
140,33
140,38
140,46
140,48
140,56
140,58
140,59
140,64
140,67
140,73
140,74
140,76
140,77
140,81
140,84
140,86
140,93
140,97
140,98
140,112
140,116
140,120
140,121
140,123
140,124
140,125
140,129
140,131
140,139
140,141
140,142
140,149
140,150
140,152
140,155
140,157
140,162
140,164
140,168
140,197
141,4
141,5
141,11
141,14
141,17
141,24
141,25
141,26
141,27
141,28
141,31
141,32
141,34
141,37
141,38
141,39
141,47
141,50
141,51
141,60
141,63
141,67
141,70
141,71
141,74
141,76
141,77
141,79
141,81
141,82
141,83
141,85
141,88
141,100
141,101
141,103
141,106
141,108
141,110
141,112
141,114
141,124
141,125
141,127
141,131
141,132
141,133
141,134
141,138
141,139
141,140
141,142
141,149
141,153
141,154
141,156
141,161
141,162
141,166
141,167
142,2
142,7
142,8
142,10
142,13
142,14
142,17
142,18
142,20
142,21
142,23
142,35
142,40
142,41
142,42
142,44
142,45
142,47
142,48
142,51
142,52
142,53
142,54
142,55
142,60
142,64
142,65
142,70
142,71
142,74
142,75
142,79
142,81
142,86
142,89
142,90
142,92
142,93
142,94
142,99
142,100
142,102
142,103
142,105
142,107
142,108
142,109
142,110
142,114
142,115
142,119
142,123
142,132
142,134
142,140
142,141
142,144
142,146
142,150
142,151
142,157
142,161
142,162
143,2
143,3
143,5
143,6
143,7
143,9
143,10
143,11
143,13
143,14
143,18
143,21
143,24
143,25
143,26
143,30
143,37
143,40
143,41
143,43
143,44
143,45
143,47
143,50
143,53
143,55
143,56
143,59
143,61
143,63
143,65
143,67
143,72
143,73
143,74
143,75
143,80
143,83
143,84
143,85
143,86
143,87
143,93
143,94
143,95
143,98
143,101
143,103
143,105
143,106
143,107
143,110
143,119
143,122
143,125
143,133
143,136
143,151
143,152
143,154
143,159
143,161
143,162
143,166
143,168
144,6
144,8
144,12
144,13
144,14
144,17
144,21
144,25
144,28
144,29
144,32
144,37
144,38
144,43
144,47
144,48
144,50
144,53
144,54
144,55
144,57
144,58
144,60
144,61
144,62
144,64
144,65
144,69
144,72
144,74
144,75
144,79
144,86
144,89
144,91
144,92
144,93
144,94
144,96
144,103
144,105
144,108
144,109
144,112
144,115
144,116
144,121
144,124
144,128
144,129
144,130
144,131
144,132
144,133
144,136
144,137
144,142
144,146
144,148
144,152
144,155
144,157
144,163
144,164
144,166
144,167
144,168
145,1
145,4
145,12
145,13
145,16
145,20
145,21
145,34
145,36
145,38
145,40
145,42
145,44
145,45
145,48
145,50
145,52
145,61
145,64
145,67
145,69
145,70
145,72
145,73
145,77
145,79
145,84
145,87
145,88
145,92
145,93
145,95
145,98
145,99
145,102
145,111
145,112
145,113
145,116
145,119
145,120
145,123
145,126
145,130
145,132
145,133
145,137
145,151
145,152
145,153
145,155
145,158
145,160
145,162
145,163
145,164
145,165
146,2
146,4
146,7
146,11
146,14
146,15
146,17
146,18
146,28
146,29
146,33
146,36
146,37
146,40
146,41
146,43
146,48
146,54
146,55
146,56
146,57
146,63
146,64
146,66
146,67
146,68
146,69
146,70
146,71
146,73
146,75
146,76
146,78
146,80
146,81
146,86
146,89
146,91
146,93
146,96
146,98
146,102
146,109
146,111
146,113
146,118
146,127
146,129
146,132
146,135
146,138
146,139
146,142
146,144
146,154
146,155
146,158
146,162
146,165
147,4
147,5
147,6
147,9
147,11
147,15
147,17
147,21
147,26
147,31
147,34
147,35
147,40
147,41
147,42
147,48
147,51
147,52
147,53
147,55
147,56
147,57
147,60
147,61
147,63
147,65
147,67
147,70
147,72
147,73
147,76
147,84
147,85
147,88
147,89
147,94
147,96
147,97
147,99
147,103
147,106
147,107
147,108
147,110
147,112
147,114
147,116
147,120
147,123
147,125
147,126
147,129
147,130
147,131
147,132
147,135
147,136
147,139
147,151
147,152
147,156
147,157
147,159
147,161
147,163
147,166
147,167
148,3
148,5
148,9
148,19
148,21
148,22
148,23
148,30
148,37
148,40
148,41
148,45
148,46
148,49
148,52
148,55
148,56
148,57
148,60
148,65
148,67
148,71
148,73
148,82
148,84
148,87
148,88
148,91
148,94
148,96
148,98
148,101
148,107
148,112
148,115
148,116
148,118
148,119
148,120
148,122
148,123
148,125
148,127
148,135
148,136
148,137
148,144
148,150
148,151
148,156
148,159
148,160
148,164
148,166
148,167
149,3
149,4
149,6
149,9
149,16
149,20
149,21
149,22
149,23
149,25
149,26
149,27
149,29
149,32
149,38
149,39
149,41
149,43
149,46
149,48
149,50
149,51
149,54
149,56
149,57
149,58
149,59
149,60
149,63
149,64
149,68
149,71
149,72
149,73
149,75
149,78
149,89
149,90
149,95
149,97
149,99
149,104
149,108
149,109
149,110
149,113
149,114
149,119
149,125
149,127
149,128
149,129
149,130
149,131
149,132
149,134
149,137
149,139
149,140
149,141
149,151
149,153
149,155
149,157
149,159
149,161
149,162
149,163
149,168
149,179
150,1
150,3
150,5
150,11
150,14
150,15
150,17
150,24
150,29
150,35
150,38
150,44
150,47
150,50
150,52
150,53
150,55
150,61
150,62
150,64
150,68
150,75
150,78
150,83
150,86
150,90
150,94
150,96
150,97
150,99
150,100
150,101
150,109
150,112
150,114
150,115
150,116
150,117
150,126
150,131
150,135
150,137
150,140
150,142
150,148
150,151
150,156
150,158
150,159
150,160
150,165
151,1
151,3
151,7
151,10
151,16
151,21
151,22
151,24
151,26
151,31
151,35
151,36
151,39
151,44
151,48
151,49
151,50
151,53
151,54
151,55
151,56
151,60
151,62
151,63
151,69
151,72
151,75
151,77
151,82
151,83
151,84
151,90
151,91
151,93
151,95
151,97
151,98
151,99
151,100
151,106
151,107
151,114
151,127
151,129
151,131
151,142
151,143
151,145
151,147
151,148
151,149
151,150
151,152
151,156
151,157
151,159
151,160
151,165
151,166
152,1
152,5
152,11
152,12
152,15
152,21
152,25
152,28
152,30
152,31
152,32
152,35
152,39
152,42
152,46
152,47
152,49
152,50
152,51
152,69
152,72
152,76
152,78
152,80
152,88
152,91
152,93
152,95
152,96
152,98
152,99
152,100
152,102
152,107
152,110
152,114
152,115
152,116
152,117
152,126
152,131
152,133
152,135
152,136
152,140
152,143
152,144
152,145
152,147
152,151
152,154
152,156
152,160
152,162
152,164
153,2
153,10
153,11
153,14
153,21
153,25
153,30
153,33
153,38
153,43
153,45
153,46
153,48
153,50
153,53
153,56
153,58
153,59
153,67
153,71
153,72
153,73
153,74
153,79
153,81
153,90
153,94
153,98
153,102
153,105
153,108
153,110
153,117
153,118
153,119
153,120
153,121
153,122
153,125
153,128
153,129
153,135
153,137
153,138
153,141
153,145
153,149
153,154
153,159
153,163
153,164
153,166
153,168
154,1
154,3
154,4
154,13
154,15
154,19
154,21
154,22
154,33
154,34
154,36
154,38
154,39
154,46
154,50
154,56
154,57
154,59
154,60
154,61
154,65
154,67
154,69
154,71
154,73
154,77
154,79
154,83
154,86
154,87
154,90
154,95
154,96
154,99
154,101
154,102
154,110
154,112
154,116
154,120
154,123
154,126
154,134
154,135
154,136
154,137
154,141
154,143
154,146
154,152
154,153
154,156
154,157
154,158
154,159
154,160
154,161
154,164
155,2
155,9
155,17
155,18
155,21
155,24
155,25
155,26
155,27
155,30
155,33
155,34
155,37
155,39
155,40
155,51
155,52
155,53
155,56
155,57
155,60
155,63
155,64
155,65
155,66
155,67
155,69
155,70
155,71
155,72
155,74
155,77
155,80
155,81
155,84
155,88
155,89
155,90
155,91
155,93
155,96
155,101
155,103
155,104
155,106
155,111
155,112
155,116
155,128
155,129
155,136
155,138
155,140
155,144
155,145
155,146
155,149
155,156
155,157
155,163
155,164
155,166
156,1
156,11
156,12
156,13
156,15
156,17
156,22
156,23
156,28
156,32
156,33
156,37
156,39
156,40
156,42
156,44
156,47
156,48
156,54
156,57
156,58
156,64
156,67
156,69
156,70
156,71
156,73
156,81
156,82
156,85
156,86
156,91
156,93
156,94
156,97
156,100
156,102
156,105
156,106
156,107
156,108
156,111
156,112
156,123
156,124
156,125
156,133
156,134
156,136
156,138
156,141
156,147
156,148
156,150
156,151
156,152
156,154
156,155
157,1
157,6
157,7
157,10
157,11
157,12
157,13
157,20
157,22
157,23
157,28
157,29
157,31
157,33
157,34
157,38
157,42
157,45
157,46
157,50
157,53
157,56
157,57
157,62
157,64
157,70
157,72
157,77
157,78
157,84
157,88
157,89
157,90
157,92
157,93
157,99
157,103
157,106
157,108
157,110
157,111
157,115
157,118
157,120
157,121
157,123
157,124
157,127
157,135
157,137
157,140
157,142
157,144
157,147
157,149
157,151
157,154
157,155
157,162
157,164
157,167
157,168
157,172
158,2
158,3
158,6
158,7
158,8
158,19
158,21
158,22
158,25
158,28
158,36
158,37
158,38
158,40
158,43
158,45
158,49
158,52
158,56
158,59
158,61
158,62
158,66
158,67
158,69
158,72
158,78
158,80
158,88
158,91
158,92
158,93
158,97
158,99
158,101
158,103
158,104
158,106
158,112
158,116
158,117
158,120
158,125
158,131
158,132
158,133
158,134
158,137
158,138
158,139
158,145
158,146
158,150
158,154
158,159
158,160
158,162
158,166
159,2
159,6
159,9
159,10
159,13
159,16
159,17
159,20
159,21
159,24
159,25
159,29
159,30
159,34
159,39
159,44
159,48
159,50
159,53
159,54
159,56
159,57
159,58
159,60
159,63
159,73
159,76
159,78
159,79
159,80
159,81
159,82
159,84
159,87
159,95
159,102
159,103
159,107
159,108
159,111
159,117
159,119
159,121
159,122
159,124
159,128
159,134
159,135
159,143
159,147
159,148
159,149
159,150
159,151
159,153
159,154
159,158
159,160
159,161
159,168
160,5
160,11
160,14
160,16
160,21
160,22
160,23
160,24
160,27
160,29
160,32
160,41
160,42
160,45
160,47
160,48
160,51
160,56
160,66
160,68
160,72
160,74
160,76
160,77
160,82
160,86
160,91
160,93
160,96
160,97
160,103
160,105
160,106
160,109
160,111
160,115
160,118
160,121
160,122
160,124
160,126
160,129
160,132
160,133
160,135
160,137
160,139
160,145
160,148
160,150
160,151
160,152
160,154
160,158
160,159
160,163
161,1
161,2
161,7
161,9
161,12
161,16
161,17
161,19
161,22
161,26
161,33
161,34
161,36
161,37
161,38
161,40
161,41
161,44
161,49
161,51
161,53
161,57
161,58
161,68
161,70
161,73
161,76
161,81
161,84
161,85
161,86
161,88
161,91
161,100
161,103
161,110
161,111
161,112
161,113
161,114
161,115
161,118
161,130
161,132
161,134
161,135
161,136
161,137
161,139
161,141
161,142
161,143
161,147
161,149
161,154
161,159
161,162
161,164
162,2
162,5
162,7
162,10
162,11
162,12
162,14
162,16
162,19
162,21
162,24
162,25
162,27
162,28
162,29
162,30
162,31
162,33
162,35
162,37
162,43
162,47
162,48
162,51
162,60
162,62
162,65
162,66
162,68
162,70
162,74
162,75
162,76
162,77
162,81
162,83
162,85
162,90
162,92
162,95
162,101
162,103
162,109
162,110
162,119
162,122
162,126
162,127
162,131
162,132
162,137
162,140
162,141
162,142
162,143
162,145
162,146
162,149
162,152
162,157
162,158
162,161
162,166
162,168
162,180
163,10
163,12
163,17
163,19
163,22
163,24
163,26
163,27
163,31
163,34
163,40
163,45
163,47
163,48
163,49
163,51
163,52
163,56
163,60
163,61
163,64
163,65
163,66
163,67
163,69
163,76
163,79
163,80
163,82
163,83
163,85
163,88
163,99
163,106
163,107
163,111
163,113
163,114
163,116
163,117
163,119
163,120
163,121
163,125
163,127
163,132
163,133
163,134
163,136
163,138
163,139
163,144
163,145
163,147
163,149
163,153
163,155
163,160
163,164
163,168
164,3
164,4
164,6
164,7
164,10
164,20
164,21
164,22
164,23
164,25
164,27
164,31
164,33
164,36
164,37
164,38
164,40
164,41
164,44
164,46
164,47
164,51
164,52
164,57
164,58
164,61
164,65
164,67
164,68
164,69
164,72
164,76
164,81
164,88
164,95
164,96
164,98
164,101
164,108
164,113
164,118
164,122
164,123
164,128
164,129
164,132
164,133
164,136
164,140
164,144
164,145
164,148
164,152
164,153
164,154
164,155
164,157
164,161
164,163
164,167
164,168
165,3
165,7
165,9
165,11
165,13
165,15
165,18
165,24
165,34
165,36
165,43
165,48
165,49
165,51
165,53
165,54
165,56
165,60
165,62
165,63
165,67
165,72
165,82
165,84
165,87
165,88
165,89
165,90
165,92
165,95
165,97
165,102
165,103
165,106
165,110
165,112
165,120
165,122
165,132
165,134
165,139
165,145
165,146
165,150
165,151
165,168
166,1
166,7
166,8
166,10
166,12
166,21
166,23
166,24
166,27
166,28
166,29
166,30
166,31
166,38
166,41
166,43
166,44
166,46
166,52
166,54
166,56
166,57
166,58
166,59
166,63
166,67
166,71
166,72
166,74
166,76
166,78
166,79
166,82
166,83
166,84
166,87
166,89
166,90
166,92
166,97
166,98
166,100
166,102
166,103
166,106
166,107
166,110
166,112
166,119
166,123
166,126
166,127
166,130
166,131
166,134
166,136
166,137
166,141
166,143
166,144
166,147
166,148
166,151
166,153
166,155
166,158
166,162
167,2
167,3
167,7
167,9
167,12
167,15
167,16
167,17
167,18
167,26
167,29
167,33
167,41
167,46
167,48
167,51
167,52
167,53
167,56
167,58
167,59
167,66
167,75
167,81
167,83
167,85
167,88
167,91
167,93
167,97
167,98
167,101
167,104
167,107
167,111
167,116
167,119
167,123
167,127
167,128
167,136
167,138
167,141
167,144
167,147
167,148
167,157
167,164
168,5
168,12
168,14
168,16
168,18
168,22
168,25
168,26
168,28
168,35
168,36
168,37
168,47
168,49
168,52
168,53
168,56
168,58
168,59
168,62
168,65
168,66
168,71
168,73
168,81
168,82
168,86
168,88
168,92
168,97
168,105
168,113
168,117
168,119
168,121
168,122
168,126
168,131
168,132
168,133
168,136
168,140
168,143
168,144
168,149
168,153
168,157
168,159
168,162
168,163
168,164
168,165
169,70
169,172
169,173
169,175
169,178
169,190
170,117
171,60
171,173
171,200
172,157
172,169
172,174
173,111
173,169
173,171
173,174
174,59
174,172
174,173
174,175
175,59
175,169
175,174
176,52
176,177
176,181
176,187
176,191
176,194
176,195
177,4
177,176
177,180
177,184
177,189
177,192
177,193
177,197
177,198
178,169
178,179
178,184
178,185
178,187
178,188
178,192
179,149
179,178
179,180
179,182
179,184
179,185
179,189
179,192
179,194
180,162
180,177
180,179
180,181
180,182
180,183
180,185
180,186
180,187
180,188
180,191
180,193
180,194
180,195
181,137
181,176
181,180
181,188
181,189
181,194
182,121
182,179
182,180
182,183
182,189
182,193
182,196
182,197
183,74
183,180
183,182
183,188
183,190
183,195
183,197
183,198
184,32
184,177
184,178
184,179
184,188
184,194
184,197
185,138
185,178
185,179
185,180
185,186
185,190
185,193
185,197
186,28
186,180
186,185
186,188
186,189
186,194
186,195
186,197
187,23
187,176
187,178
187,180
187,188
187,192
187,196
187,197
187,198
188,137
188,178
188,180
188,181
188,183
188,184
188,186
188,187
188,190
189,65
189,177
189,179
189,181
189,182
189,186
189,191
189,192
189,194
189,195
189,196
189,197
190,169
190,183
190,185
190,188
190,196
191,13
191,176
191,180
191,189
191,192
191,198
192,13
192,177
192,178
192,179
192,187
192,189
192,191
192,195
192,197
193,35
193,177
193,180
193,182
193,185
193,195
194,176
194,179
194,180
194,181
194,184
194,186
194,189
194,195
194,198
195,56
195,176
195,180
195,183
195,186
195,189
195,192
195,193
195,194
195,196
196,38
196,182
196,187
196,189
196,190
196,195
196,197
196,198
197,140
197,177
197,182
197,183
197,184
197,185
197,186
197,187
197,189
197,192
197,196
198,86
198,177
198,183
198,187
198,191
198,194
198,196
199,89
200,171
