1 20 
2 6 
3 7 
4 22 
5 29 
6 20 
7 6 
8 10 
9 34 
10 26 
11 7 
12 9 
13 26 
14 27 
15 28 
16 20 
17 22 
18 22 
19 19 
20 7 
21 10 
22 16 
23 1 
24 32 
25 13 
26 32 
27 22 
28 1 
29 7 
30 15 
31 2 
32 1 
33 17 
34 18 
35 11 
36 29 
37 28 
38 20 
39 35 
40 15 
41 29 
42 34 
43 7 
44 9 
45 32 
46 11 
47 12 
48 23 
49 33 
50 4 
51 3 
52 30 
53 1 
54 20 
55 27 
56 11 
57 18 
58 6 
59 28 
60 23 
61 17 
62 10 
63 15 
64 34 
65 9 
66 14 
67 2 
68 24 
69 21 
70 29 
71 4 
72 32 
73 16 
74 9 
75 5 
76 32 
77 3 
78 24 
79 5 
80 30 
81 32 
82 11 
83 11 
84 17 
85 34 
86 13 
87 17 
88 11 
89 24 
90 21 
91 32 
92 17 
93 23 
94 5 
95 4 
96 6 
97 32 
98 9 
99 20 
100 19 
101 16 
102 28 
103 29 
104 24 
105 28 
106 14 
107 22 
108 2 
109 11 
110 4 
111 17 
112 24 
113 33 
114 35 
115 8 
116 17 
117 25 
118 21 
119 31 
120 21 
121 25 
122 33 
123 2 
124 8 
125 3 
126 8 
127 7 
128 8 
129 7 
130 28 
131 8 
132 16 
133 3 
134 30 
135 26 
136 30 
137 27 
138 21 
139 9 
140 11 
141 30 
142 5 
143 23 
144 35 
145 34 
146 2 
147 9 
148 16 
149 22 
150 32 
151 7 
152 32 
153 25 
154 10 
155 22 
156 4 
157 33 
158 26 
159 32 
160 2 
161 1 
162 31 
163 33 
164 35 
165 24 
166 20 
167 32 
168 20 
169 20 
170 27 
171 1 
172 7 
173 6 
174 12 
175 22 
176 10 
177 32 
178 2 
179 10 
180 15 
181 30 
182 1 
183 33 
184 22 
185 26 
186 11 
187 15 
188 22 
189 20 
190 35 
191 17 
192 27 
193 15 
194 13 
195 24 
196 5 
197 30 
198 23 
199 13 
200 20 
201 22 
202 16 
203 30 
204 9 
205 20 
206 31 
207 22 
208 13 
209 5 
210 22 
211 30 
212 24 
213 32 
214 32 
215 20 
216 6 
217 20 
218 34 
219 7 
220 9 
221 3 
222 12 
223 17 
224 16 
225 24 
226 32 
227 19 
228 2 
229 28 
230 16 
231 27 
232 30 
233 34 
234 8 
235 24 
236 27 
237 28 
238 16 
239 10 
240 5 
241 13 
242 34 
243 20 
244 27 
245 32 
246 23 
247 11 
248 18 
249 15 
250 24 
251 10 
252 34 
253 2 
254 16 
255 4 
256 10 
257 10 
258 17 
259 35 
260 27 
261 28 
262 20 
263 22 
264 21 
265 18 
266 10 
267 17 
268 27 
269 24 
270 14 
271 2 
272 24 
273 6 
274 8 
275 21 
276 32 
277 6 
278 19 
279 1 
280 9 
281 6 
282 11 
283 32 
284 8 
285 28 
286 34 
287 15 
288 26 
289 8 
290 35 
291 35 
292 18 
293 18 
294 22 
295 34 
296 34 
297 12 
298 30 
299 16 
300 23 
301 3 
302 28 
303 31 
304 26 
305 7 
306 1 
307 17 
308 7 
309 11 
310 32 
311 12 
312 10 
313 1 
314 2 
315 29 
316 18 
317 26 
318 29 
319 17 
320 30 
321 16 
322 25 
323 28 
324 8 
325 26 
326 1 
327 32 
328 21 
329 5 
330 29 
331 31 
332 24 
333 7 
334 12 
335 28 
336 17 
337 33 
338 2 
339 6 
340 15 
341 18 
342 1 
343 18 
344 3 
345 34 
346 23 
347 33 
348 4 
349 26 
350 16 
351 24 
352 16 
353 18 
354 23 
355 7 
356 19 
357 18 
358 22 
359 31 
360 14 
361 5 
362 1 
363 32 
364 13 
365 14 
366 28 
367 9 
368 8 
369 1 
370 25 
371 2 
372 20 
373 21 
374 34 
375 4 
376 28 
377 1 
378 29 
379 11 
380 6 
381 28 
382 32 
383 12 
384 34 
385 32 
386 31 
387 12 
388 12 
389 16 
390 13 
391 29 
392 2 
393 6 
394 7 
395 34 
396 6 
397 2 
398 19 
399 18 
400 13 
401 29 
402 9 
403 28 
404 18 
405 28 
406 21 
407 14 
408 16 
409 9 
410 24 
411 23 
412 14 
413 9 
414 11 
415 20 
416 9 
417 2 
418 27 
419 31 
420 26 
421 14 
422 34 
423 1 
424 1 
425 4 
426 33 
427 13 
428 33 
429 10 
430 33 
431 6 
432 26 
433 32 
434 28 
435 22 
436 18 
437 17 
438 29 
439 9 
440 5 
441 35 
442 27 
443 6 
444 34 
445 29 
446 24 
447 20 
448 20 
449 27 
450 1 
451 24 
452 3 
453 14 
454 11 
455 35 
456 21 
457 25 
458 24 
459 11 
460 31 
461 32 
462 32 
463 4 
464 5 
465 11 
466 24 
467 13 
468 17 
469 28 
470 20 
471 3 
472 26 
473 18 
474 29 
475 13 
476 7 
477 3 
478 19 
479 25 
480 18 
481 3 
482 22 
483 13 
484 14 
485 14 
486 4 
487 5 
488 14 
489 6 
490 11 
491 18 
492 18 
493 18 
494 19 
495 33 
496 16 
497 32 
498 31 
499 10 
500 25 
501 10 
502 4 
503 32 
504 35 
505 31 
506 24 
507 18 
508 18 
509 24 
510 16 
511 25 
512 32 
513 26 
514 32 
515 32 
516 19 
517 16 
518 35 
519 26 
520 30 
521 4 
522 23 
523 29 
524 12 
525 15 
526 22 
527 9 
528 9 
529 32 
530 28 
531 20 
532 17 
533 32 
534 11 
535 26 
536 34 
537 4 
538 25 
539 27 
540 21 
541 16 
542 12 
543 18 
544 19 
545 32 
546 5 
547 17 
548 27 
549 11 
550 30 
551 9 
552 1 
553 28 
554 35 
555 33 
556 12 
557 4 
558 19 
559 17 
560 7 
561 19 
562 16 
563 15 
564 24 
565 21 
566 24 
567 23 
568 21 
569 31 
570 32 
571 5 
572 8 
573 10 
574 24 
575 16 
576 6 
577 35 
578 5 
579 9 
580 23 
581 5 
582 19 
583 24 
584 2 
585 1 
586 14 
587 6 
588 19 
589 23 
590 19 
591 24 
592 20 
593 21 
594 19 
595 10 
596 5 
597 13 
598 10 
599 33 
600 24 
601 35 
602 34 
603 9 
604 32 
605 2 
606 3 
607 18 
608 11 
609 8 
610 6 
611 9 
612 30 
613 25 
614 13 
615 27 
616 35 
617 8 
618 1 
619 24 
620 23 
621 25 
622 29 
623 32 
624 34 
625 5 
626 22 
627 27 
628 1 
629 29 
630 14 
631 32 
632 7 
633 1 
634 3 
635 7 
636 20 
637 16 
638 2 
639 30 
640 30 
641 27 
642 22 
643 27 
644 9 
645 30 
646 24 
647 28 
648 21 
649 13 
650 16 
651 8 
652 25 
653 17 
654 12 
655 20 
656 23 
657 32 
658 15 
659 5 
660 16 
661 33 
662 15 
663 17 
664 16 
665 20 
666 7 
667 31 
668 5 
669 18 
670 21 
671 13 
672 35 
673 26 
674 25 
675 8 
676 32 
677 27 
678 24 
679 23 
680 24 
681 30 
682 32 
683 33 
684 30 
685 3 
686 12 
687 31 
688 12 
689 25 
690 25 
691 17 
692 7 
693 6 
694 19 
695 22 
696 29 
697 28 
698 28 
699 27 
700 30 
701 19 
702 30 
703 33 
704 14 
705 22 
706 14 
707 3 
708 11 
709 10 
710 24 
711 32 
712 9 
713 14 
714 24 
715 15 
716 24 
717 11 
718 34 
719 23 
720 9 
721 31 
722 20 
723 34 
724 20 
725 20 
726 1 
727 10 
728 4 
729 11 
730 27 
731 24 
732 11 
733 20 
734 13 
735 16 
736 14 
737 33 
738 22 
739 20 
740 2 
741 27 
742 24 
743 10 
744 20 
745 15 
746 24 
747 25 
748 8 
749 22 
750 24 
751 26 
752 12 
753 20 
754 4 
755 20 
756 35 
757 5 
758 22 
759 8 
760 1 
761 31 
762 21 
763 2 
764 2 
765 2 
766 10 
767 27 
768 32 
769 17 
770 10 
771 28 
772 15 
773 25 
774 22 
775 15 
776 22 
777 24 
778 17 
779 20 
780 2 
781 14 
782 12 
783 12 
784 7 
785 19 
786 21 
787 16 
788 17 
789 16 
790 35 
791 31 
792 13 
793 24 
794 15 
795 26 
796 12 
797 26 
798 15 
799 20 
800 12 
801 34 
802 24 
803 12 
804 23 
805 9 
806 23 
807 26 
808 12 
809 20 
810 30 
811 9 
812 13 
813 12 
814 19 
815 4 
816 8 
817 32 
818 13 
819 7 
820 27 
821 22 
822 34 
823 25 
824 5 
825 9 
826 16 
827 3 
828 34 
829 27 
830 23 
831 21 
832 14 
833 25 
834 27 
835 3 
836 30 
837 24 
838 3 
839 7 
840 29 
841 31 
842 4 
843 15 
844 27 
845 23 
846 14 
847 27 
848 11 
849 23 
850 33 
851 34 
852 23 
853 4 
854 27 
855 14 
856 26 
857 10 
858 11 
859 34 
860 34 
861 25 
862 9 
863 20 
864 22 
865 25 
866 11 
867 17 
868 6 
869 7 
870 5 
871 8 
872 31 
873 15 
874 24 
875 12 
876 6 
877 11 
878 20 
879 29 
880 9 
881 24 
882 21 
883 11 
884 13 
885 22 
886 4 
887 2 
888 3 
889 31 
890 9 
891 25 
892 21 
893 28 
894 19 
895 33 
896 9 
897 22 
898 27 
899 8 
900 13 
901 17 
902 33 
903 17 
904 23 
905 2 
906 1 
907 3 
908 20 
909 9 
910 22 
911 31 
912 17 
913 34 
914 1 
915 30 
916 2 
917 30 
918 27 
919 17 
920 22 
921 14 
922 1 
923 14 
924 13 
925 21 
926 13 
927 1 
928 22 
929 28 
930 1 
931 30 
932 1 
933 7 
934 3 
935 7 
936 20 
937 26 
938 16 
939 35 
940 19 
941 18 
942 13 
943 32 
944 9 
945 35 
946 20 
947 23 
948 26 
949 16 
950 5 
951 29 
952 24 
953 23 
954 34 
955 24 
956 22 
957 16 
958 23 
959 5 
960 13 
961 22 
962 9 
963 35 
964 24 
965 24 
966 14 
967 9 
968 26 
969 18 
970 21 
971 28 
972 3 
973 11 
974 21 
975 17 
976 35 
977 34 
978 30 
979 22 
980 13 
981 1 
982 31 
983 28 
984 20 
985 1 
986 10 
987 14 
988 15 
989 26 
990 2 
991 22 
992 35 
993 16 
994 7 
995 15 
996 25 
997 14 
998 23 
999 21 
1000 17