1 17 
2 22 
3 16 
4 15 
5 28 
6 14 
7 7 
8 16 
9 26 
10 20 
11 24 
12 7 
13 5 
14 11 
15 21 
16 14 
17 8 
18 11 
19 6 
20 13 
21 28 
22 10 
23 21 
24 1 
25 23 
26 15 
27 7 
28 28 
29 14 
30 27 
31 7 
32 19 
33 15 
34 8 
35 21 
36 22 
37 11 
38 9 
39 11 
40 25 
41 22 
42 27 
43 9 
44 11 
45 28 
46 4 
47 11 
48 9 
49 6 
50 22 
51 21 
52 24 
53 2 
54 5 
55 29 
56 9 
57 29 
58 27 
59 5 
60 29 
61 5 
62 29 
63 15 
64 27 
65 24 
66 24 
67 4 
68 7 
69 18 
70 21 
71 8 
72 14 
73 22 
74 21 
75 10 
76 7 
77 28 
78 27 
79 10 
80 3 
81 7 
82 15 
83 24 
84 5 
85 7 
86 7 
87 18 
88 10 
89 4 
90 7 
91 26 
92 5 
93 14 
94 23 
95 22 
96 20 
97 18 
98 26 
99 26 
100 6 
101 21 
102 26 
103 3 
104 21 
105 10 
106 26 
107 3 
108 20 
109 10 
110 1 
111 23 
112 29 
113 21 
114 9 
115 20 
116 12 
117 26 
118 3 
119 16 
120 23 
121 4 
122 5 
123 2 
124 7 
125 21 
126 15 
127 14 
128 2 
129 14 
130 20 
131 2 
132 12 
133 27 
134 11 
135 1 
136 10 
137 29 
138 27 
139 13 
140 13 
141 7 
142 9 
143 14 
144 14 
145 16 
146 8 
147 29 
148 15 
149 21 
150 22 
151 24 
152 7 
153 29 
154 6 
155 13 
156 15 
157 23 
158 29 
159 23 
160 17 
161 15 
162 23 
163 27 
164 10 
165 25 
166 13 
167 6 
168 10 
169 18 
170 6 
171 19 
172 10 
173 2 
174 18 
175 2 
176 12 
177 1 
178 1 
179 6 
180 2 
181 19 
182 9 
183 6 
184 5 
185 9 
186 28 
187 5 
188 2 
189 23 
190 24 
191 16 
192 5 
193 20 
194 26 
195 15 
196 5 
197 22 
198 28 
199 24 
200 22 
201 10 
202 8 
203 13 
204 22 
205 5 
206 12 
207 21 
208 26 
209 29 
210 14 
211 29 
212 2 
213 29 
214 11 
215 15 
216 20 
217 19 
218 8 
219 24 
220 23 
221 3 
222 11 
223 7 
224 7 
225 25 
226 7 
227 14 
228 18 
229 3 
230 6 
231 9 
232 28 
233 8 
234 2 
235 14 
236 7 
237 11 
238 10 
239 23 
240 16 
241 27 
242 10 
243 24 
244 17 
245 16 
246 15 
247 16 
248 2 
249 28 
250 28 
251 28 
252 7 
253 12 
254 8 
255 8 
256 9 
257 28 
258 24 
259 4 
260 17 
261 18 
262 7 
263 2 
264 21 
265 28 
266 14 
267 28 
268 26 
269 28 
270 4 
271 25 
272 22 
273 25 
274 12 
275 25 
276 16 
277 14 
278 28 
279 29 
280 18 
281 16 
282 2 
283 14 
284 15 
285 2 
286 24 
287 21 
288 7 
289 21 
290 18 
291 6 
292 22 
293 10 
294 19 
295 4 
296 9 
297 14 
298 16 
299 28 
300 29 
301 14 
302 12 
303 19 
304 22 
305 17 
306 28 
307 9 
308 22 
309 29 
310 29 
311 28 
312 18 
313 8 
314 17 
315 14 
316 12 
317 9 
318 21 
319 9 
320 19 
321 29 
322 11 
323 29 
324 24 
325 26 
326 16 
327 23 
328 17 
329 10 
330 16 
331 16 
332 14 
333 19 
334 17 
335 2 
336 24 
337 15 
338 2 
339 19 
340 13 
341 12 
342 3 
343 7 
344 6 
345 26 
346 11 
347 10 
348 4 
349 4 
350 14 
351 19 
352 2 
353 3 
354 28 
355 12 
356 3 
357 8 
358 19 
359 11 
360 22 
361 12 
362 6 
363 23 
364 11 
365 20 
366 14 
367 13 
368 9 
369 16 
370 23 
371 6 
372 4 
373 13 
374 8 
375 29 
376 16 
377 1 
378 25 
379 16 
380 28 
381 16 
382 27 
383 29 
384 22 
385 26 
386 20 
387 5 
388 13 
389 5 
390 5 
391 26 
392 13 
393 24 
394 22 
395 26 
396 17 
397 10 
398 25 
399 20 
400 11 
401 8 
402 7 
403 26 
404 14 
405 1 
406 10 
407 16 
408 2 
409 29 
410 12 
411 23 
412 5 
413 19 
414 2 
415 11 
416 2 
417 12 
418 8 
419 2 
420 18 
421 14 
422 27 
423 15 
424 27 
425 11 
426 12 
427 6 
428 5 
429 19 
430 29 
431 12 
432 26 
433 10 
434 6 
435 8 
436 9 
437 25 
438 23 
439 19 
440 9 
441 5 
442 8 
443 10 
444 10 
445 19 
446 13 
447 7 
448 28 
449 24 
450 9 
451 6 
452 22 
453 20 
454 6 
455 2 
456 5 
457 16 
458 15 
459 28 
460 19 
461 26 
462 2 
463 9 
464 23 
465 20 
466 12 
467 6 
468 3 
469 20 
470 14 
471 14 
472 10 
473 28 
474 2 
475 22 
476 8 
477 6 
478 28 
479 14 
480 21 
481 7 
482 23 
483 28 
484 4 
485 29 
486 19 
487 16 
488 8 
489 2 
490 11 
491 13 
492 2 
493 15 
494 13 
495 9 
496 3 
497 21 
498 27 
499 28 
500 14 
501 2 
502 7 
503 26 
504 15 
505 10 
506 10 
507 10 
508 10 
509 6 
510 2 
511 2 
512 5 
513 10 
514 8 
515 21 
516 24 
517 9 
518 8 
519 10 
520 6 
521 5 
522 25 
523 8 
524 4 
525 8 
526 7 
527 6 
528 1 
529 20 
530 28 
531 22 
532 6 
533 14 
534 24 
535 16 
536 12 
537 5 
538 5 
539 26 
540 2 
541 13 
542 16 
543 25 
544 17 
545 15 
546 11 
547 7 
548 1 
549 14 
550 3 
551 16 
552 19 
553 16 
554 1 
555 14 
556 13 
557 21 
558 6 
559 1 
560 22 
561 15 
562 28 
563 28 
564 2 
565 18 
566 27 
567 18 
568 29 
569 9 
570 27 
571 10 
572 7 
573 4 
574 6 
575 9 
576 29 
577 4 
578 14 
579 23 
580 28 
581 7 
582 15 
583 16 
584 24 
585 18 
586 9 
587 26 
588 7 
589 26 
590 26 
591 28 
592 9 
593 2 
594 15 
595 26 
596 14 
597 23 
598 28 
599 23 
600 27 
601 27 
602 11 
603 25 
604 9 
605 15 
606 9 
607 27 
608 5 
609 21 
610 26 
611 14 
612 6 
613 21 
614 10 
615 10 
616 23 
617 23 
618 19 
619 2 
620 7 
621 21 
622 27 
623 26 
624 16 
625 15 
626 9 
627 13 
628 11 
629 4 
630 17 
631 9 
632 18 
633 13 
634 23 
635 15 
636 4 
637 1 
638 24 
639 9 
640 11 
641 15 
642 8 
643 24 
644 15 
645 27 
646 4 
647 23 
648 16 
649 10 
650 28 
651 22 
652 16 
653 29 
654 14 
655 22 
656 14 
657 4 
658 2 
659 7 
660 3 
661 21 
662 29 
663 23 
664 13 
665 21 
666 27 
667 14 
668 2 
669 14 
670 4 
671 13 
672 1 
673 19 
674 29 
675 27 
676 8 
677 7 
678 29 
679 21 
680 11 
681 11 
682 28 
683 2 
684 10 
685 13 
686 14 
687 5 
688 14 
689 2 
690 8 
691 9 
692 12 
693 1 
694 28 
695 13 
696 11 
697 7 
698 29 
699 5 
700 26 
701 23 
702 11 
703 21 
704 27 
705 8 
706 15 
707 21 
708 1 
709 2 
710 29 
711 20 
712 18 
713 10 
714 10 
715 25 
716 23 
717 9 
718 25 
719 4 
720 29 
721 5 
722 23 
723 26 
724 7 
725 26 
726 7 
727 6 
728 27 
729 1 
730 3 
731 1 
732 2 
733 28 
734 23 
735 16 
736 25 
737 5 
738 25 
739 14 
740 15 
741 21 
742 19 
743 27 
744 18 
745 9 
746 10 
747 3 
748 9 
749 16 
750 14 
751 13 
752 7 
753 23 
754 12 
755 10 
756 15 
757 25 
758 24 
759 26 
760 1 
761 29 
762 3 
763 1 
764 13 
765 28 
766 13 
767 8 
768 29 
769 14 
770 28 
771 15 
772 10 
773 28 
774 4 
775 4 
776 8 
777 10 
778 2 
779 13 
780 9 
781 19 
782 5 
783 1 
784 4 
785 29 
786 5 
787 2 
788 27 
789 1 
790 22 
791 24 
792 22 
793 5 
794 6 
795 11 
796 17 
797 3 
798 20 
799 12 
800 15 
801 20 
802 28 
803 24 
804 8 
805 27 
806 22 
807 18 
808 14 
809 8 
810 11 
811 8 
812 26 
813 23 
814 14 
815 27 
816 9 
817 7 
818 19 
819 26 
820 4 
821 29 
822 2 
823 6 
824 9 
825 2 
826 12 
827 3 
828 22 
829 11 
830 17 
831 13 
832 5 
833 13 
834 4 
835 9 
836 29 
837 17 
838 4 
839 7 
840 6 
841 27 
842 4 
843 22 
844 20 
845 14 
846 17 
847 3 
848 6 
849 28 
850 14 
851 28 
852 6 
853 4 
854 29 
855 7 
856 28 
857 17 
858 16 
859 21 
860 21 
861 13 
862 19 
863 11 
864 21 
865 25 
866 24 
867 28 
868 9 
869 4 
870 7 
871 29 
872 23 
873 3 
874 6 
875 7 
876 2 
877 19 
878 12 
879 7 
880 25 
881 14 
882 19 
883 7 
884 14 
885 2 
886 13 
887 11 
888 23 
889 14 
890 19 
891 16 
892 2 
893 27 
894 12 
895 18 
896 27 
897 24 
898 9 
899 26 
900 20 
901 27 
902 12 
903 28 
904 24 
905 13 
906 17 
907 11 
908 5 
909 3 
910 19 
911 16 
912 10 
913 1 
914 7 
915 16 
916 28 
917 15 
918 23 
919 28 
920 10 
921 21 
922 20 
923 15 
924 13 
925 5 
926 22 
927 11 
928 29 
929 3 
930 4 
931 4 
932 4 
933 9 
934 1 
935 4 
936 29 
937 2 
938 29 
939 6 
940 23 
941 10 
942 15 
943 17 
944 18 
945 23 
946 6 
947 7 
948 3 
949 3 
950 22 
951 19 
952 26 
953 29 
954 9 
955 9 
956 14 
957 2 
958 24 
959 29 
960 22 
961 14 
962 28 
963 5 
964 27 
965 25 
966 5 
967 22 
968 10 
969 27 
970 9 
971 13 
972 19 
973 9 
974 22 
975 13 
976 10 
977 8 
978 17 
979 27 
980 8 
981 3 
982 1 
983 29 
984 28 
985 29 
986 27 
987 2 
988 22 
989 17 
990 4 
991 27 
992 4 
993 18 
994 14 
995 1 
996 11 
997 3 
998 21 
999 11 
1000 3