1 4 
2 25 
3 31 
4 6 
5 24 
6 30 
7 8 
8 30 
9 29 
10 20 
11 13 
12 5 
13 12 
14 25 
15 28 
16 12 
17 7 
18 30 
19 31 
20 14 
21 32 
22 24 
23 7 
24 30 
25 14 
26 16 
27 26 
28 31 
29 32 
30 22 
31 26 
32 28 
33 2 
34 30 
35 13 
36 6 
37 12 
38 17 
39 3 
40 29 
41 2 
42 9 
43 23 
44 29 
45 24 
46 26 
47 3 
48 15 
49 21 
50 13 
51 7 
52 25 
53 29 
54 7 
55 17 
56 31 
57 15 
58 4 
59 17 
60 32 
61 32 
62 10 
63 24 
64 23 
65 4 
66 23 
67 25 
68 20 
69 28 
70 22 
71 1 
72 15 
73 23 
74 4 
75 5 
76 16 
77 14 
78 8 
79 19 
80 11 
81 18 
82 1 
83 28 
84 7 
85 6 
86 9 
87 5 
88 13 
89 15 
90 16 
91 16 
92 11 
93 8 
94 28 
95 1 
96 27 
97 16 
98 1 
99 24 
100 29 
101 31 
102 21 
103 14 
104 27 
105 3 
106 5 
107 17 
108 11 
109 4 
110 16 
111 4 
112 32 
113 24 
114 23 
115 12 
116 29 
117 14 
118 7 
119 20 
120 4 
121 10 
122 3 
123 9 
124 12 
125 20 
126 15 
127 31 
128 4 
129 5 
130 32 
131 25 
132 6 
133 31 
134 27 
135 27 
136 21 
137 10 
138 8 
139 18 
140 19 
141 13 
142 30 
143 16 
144 17 
145 8 
146 16 
147 10 
148 18 
149 24 
150 15 
151 28 
152 22 
153 13 
154 6 
155 3 
156 22 
157 11 
158 19 
159 15 
160 20 
161 10 
162 21 
163 25 
164 3 
165 14 
166 22 
167 4 
168 19 
169 20 
170 2 
171 30 
172 11 
173 27 
174 14 
175 16 
176 15 
177 1 
178 19 
179 24 
180 22 
181 25 
182 7 
183 16 
184 31 
185 27 
186 23 
187 27 
188 22 
189 9 
190 1 
191 17 
192 21 
193 23 
194 23 
195 19 
196 9 
197 20 
198 14 
199 13 
200 8 
201 32 
202 15 
203 22 
204 8 
205 20 
206 16 
207 5 
208 32 
209 18 
210 3 
211 10 
212 8 
213 8 
214 14 
215 11 
216 15 
217 31 
218 21 
219 24 
220 16 
221 16 
222 28 
223 2 
224 1 
225 30 
226 19 
227 30 
228 21 
229 7 
230 23 
231 32 
232 13 
233 27 
234 31 
235 10 
236 16 
237 32 
238 24 
239 2 
240 32 
241 1 
242 2 
243 20 
244 21 
245 2 
246 6 
247 6 
248 27 
249 12 
250 29 
251 12 
252 28 
253 9 
254 6 
255 28 
256 32 
257 22 
258 32 
259 9 
260 7 
261 19 
262 31 
263 5 
264 23 
265 3 
266 7 
267 10 
268 31 
269 26 
270 10 
271 8 
272 24 
273 30 
274 7 
275 5 
276 14 
277 5 
278 11 
279 22 
280 25 
281 10 
282 28 
283 24 
284 9 
285 19 
286 26 
287 11 
288 26 
289 2 
290 21 
291 22 
292 15 
293 11 
294 28 
295 19 
296 18 
297 4 
298 29 
299 23 
300 8 
301 32 
302 16 
303 21 
304 13 
305 29 
306 19 
307 26 
308 1 
309 10 
310 12 
311 11 
312 24 
313 6 
314 22 
315 18 
316 4 
317 28 
318 25 
319 11 
320 10 
321 2 
322 23 
323 14 
324 32 
325 25 
326 27 
327 7 
328 26 
329 17 
330 9 
331 10 
332 4 
333 27 
334 4 
335 7 
336 26 
337 15 
338 6 
339 23 
340 16 
341 17 
342 20 
343 28 
344 22 
345 3 
346 23 
347 31 
348 7 
349 10 
350 24 
351 14 
352 13 
353 29 
354 14 
355 24 
356 22 
357 4 
358 12 
359 3 
360 12 
361 20 
362 28 
363 16 
364 20 
365 18 
366 18 
367 12 
368 27 
369 14 
370 29 
371 25 
372 29 
373 14 
374 11 
375 21 
376 3 
377 32 
378 21 
379 8 
380 15 
381 17 
382 32 
383 29 
384 23 
385 31 
386 14 
387 10 
388 3 
389 28 
390 17 
391 14 
392 19 
393 20 
394 1 
395 28 
396 12 
397 15 
398 13 
399 1 
400 13 
401 11 
402 28 
403 2 
404 24 
405 3 
406 10 
407 18 
408 27 
409 11 
410 5 
411 26 
412 20 
413 7 
414 17 
415 21 
416 25 
417 24 
418 16 
419 27 
420 13 
421 9 
422 2 
423 4 
424 2 
425 21 
426 1 
427 21 
428 28 
429 32 
430 32 
431 11 
432 30 
433 25 
434 27 
435 19 
436 17 
437 10 
438 23 
439 21 
440 27 
441 27 
442 5 
443 25 
444 5 
445 12 
446 9 
447 9 
448 7 
449 13 
450 25 
451 29 
452 26 
453 13 
454 4 
455 15 
456 19 
457 11 
458 6 
459 13 
460 16 
461 14 
462 30 
463 10 
464 25 
465 12 
466 20 
467 6 
468 12 
469 30 
470 29 
471 7 
472 23 
473 16 
474 6 
475 26 
476 30 
477 31 
478 23 
479 25 
480 15 
481 18 
482 15 
483 26 
484 29 
485 31 
486 11 
487 12 
488 26 
489 7 
490 4 
491 4 
492 3 
493 13 
494 23 
495 13 
496 10 
497 30 
498 5 
499 23 
500 10 
501 11 
502 2 
503 2 
504 28 
505 14 
506 16 
507 12 
508 26 
509 10 
510 22 
511 12 
512 8 
513 9 
514 25 
515 23 
516 30 
517 6 
518 22 
519 1 
520 9 
521 20 
522 5 
523 5 
524 18 
525 21 
526 17 
527 8 
528 6 
529 26 
530 26 
531 14 
532 5 
533 30 
534 26 
535 9 
536 7 
537 20 
538 21 
539 13 
540 15 
541 5 
542 22 
543 10 
544 27 
545 32 
546 3 
547 29 
548 8 
549 9 
550 23 
551 7 
552 30 
553 20 
554 1 
555 1 
556 19 
557 25 
558 10 
559 19 
560 18 
561 25 
562 27 
563 8 
564 17 
565 1 
566 3 
567 27 
568 27 
569 22 
570 8 
571 1 
572 6 
573 24 
574 9 
575 30 
576 2 
577 29 
578 32 
579 11 
580 4 
581 15 
582 3 
583 20 
584 15 
585 32 
586 7 
587 8 
588 3 
589 31 
590 12 
591 2 
592 28 
593 30 
594 1 
595 7 
596 2 
597 7 
598 18 
599 15 
600 12 
601 6 
602 28 
603 18 
604 26 
605 11 
606 13 
607 18 
608 28 
609 17 
610 32 
611 29 
612 8 
613 2 
614 12 
615 23 
616 5 
617 10 
618 24 
619 1 
620 2 
621 7 
622 21 
623 2 
624 16 
625 17 
626 13 
627 21 
628 21 
629 19 
630 30 
631 13 
632 24 
633 29 
634 26 
635 23 
636 18 
637 32 
638 11 
639 13 
640 18 
641 6 
642 28 
643 5 
644 20 
645 30 
646 11 
647 6 
648 28 
649 32 
650 3 
651 21 
652 25 
653 25 
654 27 
655 31 
656 27 
657 5 
658 6 
659 10 
660 21 
661 19 
662 25 
663 27 
664 4 
665 21 
666 16 
667 8 
668 29 
669 16 
670 26 
671 21 
672 24 
673 2 
674 1 
675 26 
676 6 
677 19 
678 9 
679 27 
680 20 
681 11 
682 28 
683 30 
684 5 
685 17 
686 25 
687 16 
688 19 
689 7 
690 32 
691 8 
692 30 
693 19 
694 26 
695 24 
696 29 
697 26 
698 29 
699 25 
700 17 
701 23 
702 5 
703 23 
704 32 
705 28 
706 16 
707 22 
708 5 
709 31 
710 31 
711 29 
712 6 
713 19 
714 17 
715 16 
716 22 
717 7 
718 1 
719 18 
720 21 
721 14 
722 8 
723 9 
724 17 
725 13 
726 11 
727 30 
728 23 
729 29 
730 18 
731 7 
732 14 
733 30 
734 17 
735 13 
736 28 
737 26 
738 26 
739 32 
740 5 
741 7 
742 11 
743 14 
744 3 
745 1 
746 27 
747 15 
748 5 
749 8 
750 19 
751 19 
752 1 
753 12 
754 32 
755 2 
756 29 
757 5 
758 12 
759 27 
760 8 
761 16 
762 31 
763 21 
764 7 
765 19 
766 12 
767 10 
768 32 
769 21 
770 23 
771 18 
772 16 
773 1 
774 13 
775 21 
776 5 
777 31 
778 17 
779 15 
780 12 
781 6 
782 5 
783 14 
784 20 
785 18 
786 18 
787 23 
788 5 
789 8 
790 1 
791 11 
792 17 
793 9 
794 8 
795 31 
796 2 
797 20 
798 31 
799 28 
800 17 
801 7 
802 19 
803 19 
804 15 
805 10 
806 16 
807 19 
808 11 
809 1 
810 23 
811 28 
812 22 
813 24 
814 29 
815 2 
816 24 
817 24 
818 24 
819 1 
820 9 
821 6 
822 4 
823 6 
824 18 
825 4 
826 13 
827 24 
828 28 
829 25 
830 10 
831 27 
832 6 
833 10 
834 24 
835 4 
836 20 
837 13 
838 23 
839 2 
840 11 
841 25 
842 10 
843 10 
844 19 
845 8 
846 29 
847 4 
848 6 
849 5 
850 12 
851 20 
852 11 
853 26 
854 10 
855 10 
856 28 
857 15 
858 6 
859 12 
860 24 
861 4 
862 16 
863 12 
864 21 
865 26 
866 25 
867 13 
868 6 
869 30 
870 6 
871 23 
872 5 
873 17 
874 2 
875 2 
876 25 
877 17 
878 23 
879 25 
880 17 
881 3 
882 3 
883 8 
884 23 
885 13 
886 3 
887 3 
888 12 
889 21 
890 19 
891 3 
892 2 
893 5 
894 25 
895 12 
896 16 
897 26 
898 6 
899 27 
900 27 
901 21 
902 26 
903 24 
904 12 
905 13 
906 12 
907 19 
908 11 
909 32 
910 16 
911 24 
912 24 
913 12 
914 27 
915 28 
916 3 
917 24 
918 10 
919 6 
920 3 
921 7 
922 21 
923 5 
924 3 
925 3 
926 32 
927 27 
928 13 
929 3 
930 3 
931 5 
932 6 
933 25 
934 5 
935 28 
936 21 
937 19 
938 16 
939 27 
940 3 
941 19 
942 10 
943 10 
944 27 
945 19 
946 5 
947 28 
948 19 
949 28 
950 23 
951 19 
952 3 
953 16 
954 10 
955 10 
956 5 
957 16 
958 27 
959 10 
960 27 
961 28 
962 16 
963 16 
964 27 
965 27 
966 3 
967 16 
968 27 
969 3 
970 27 
971 28 
972 27 
973 28 
974 10 
975 28 
976 28 
977 16 
978 3 
979 10 
980 16 
981 28 
982 28 
983 16 
984 28 
985 3 
986 3 
987 28 
988 28 
989 3 
990 16 
991 3 
992 3 
993 3 
994 3 
995 3 
996 3 
997 28 
998 28 
999 28 
1000 28 
